:Product: Daily Geomagnetic Data     quar_DGD.txt
:Issued: 2131 UT 07 Jul 2025
#
#  Prepared by the U.S. Dept. of Commerce, NOAA, Space Weather Prediction Center
#  Please send comment and suggestions to SWPC.Webmaster@noaa.gov
#
#             Current Quarter Daily Geomagnetic Data
#
#
#                Middle Latitude        High Latitude            Estimated
#              - Fredericksburg -     ---- College ----      --- Planetary ---
#  Date        A     K-indices        A     K-indices        A     K-indices
2025 04 01     5  1 1 1 1 2 2 2 2     2  0 0 0 0 1 1 2 1     5   1.00  1.33  1.33  1.00  1.67  1.00  2.00  2.00
2025 04 02    16  4 3 3 4 3 2 2 3    29  3 5 5 5 4 3 3 3    22   4.33  3.67  4.00  4.00  3.33  2.00  3.33  3.67
2025 04 03    25  3 3 4 4 5 3 4 4    46  4 2 6 5 6 5 5 4    26   3.67  3.00  4.00  3.67  4.00  3.33  4.67  4.67
2025 04 04    19  3 3 3 3 5 3 3 3    44  3 4 5 5 6 6 4 4    33   4.00  4.00  4.00  4.00  5.33  4.00  4.33  4.67
2025 04 05    20  4 4 4 3 3 3 3 3    47  4 4 6 6 5 5 5 3    40   5.67  5.33  4.33  4.33  3.67  3.67  5.33  4.33
2025 04 06    17  4 3 2 3 4 3 3 3    36  4 3 4 6 5 5 4 3    20   5.00  3.33  2.33  3.33  3.33  3.33  3.00  3.33
2025 04 07    10  2 2 2 2 3 2 3 3    13  3 3 2 3 3 3 3 2    13   3.00  3.00  2.00  1.67  2.33  2.33  4.00  3.33
2025 04 08    20  2 4 3 3 5 3 3 3    30  3 3 5 3 6 5 3 2    24   3.33  4.00  3.67  2.33  4.67  4.00  4.00  3.67
2025 04 09    20  4 3 3 4 4 3 3 3    44  5 4 6 6 5 5 3 2    22   4.67  3.33  3.67  4.33  3.67  3.00  3.00  3.00
2025 04 10    11  3 2 3 2 2 1 2 4    30  5 5 6 4 2 2 2 3    17   4.00  3.33  3.67  2.33  1.67  2.00  2.67  4.33
2025 04 11    14  3 2 2 2 4 2 3 4    22  5 3 3 4 4 3 3 3    18   4.33  3.33  2.33  2.33  3.33  2.00  3.33  4.33
2025 04 12    13  2 2 3 3 3 3 3 3    32  3 2 5 4 5 5 5 3    20   3.33  2.67  3.00  3.33  2.67  3.67  3.67  4.67
2025 04 13    14  4 4 2 2 3 2 3 2    18  4 3 4 4 4 2 2 2    15   4.00  3.67  2.67  2.33  3.00  2.33  3.33  2.33
2025 04 14    14  3 4 3 2 3 2 2 3    28  4 6 4 4 3 4 2 3    18   3.33  4.33  3.33  2.00  2.33  3.00  3.00  4.00
2025 04 15    13  3 2 2 1 2 3 1 5    19  2 2 2 3 4 3 5 4    34   3.33  2.33  1.67  1.67  2.00  5.00  6.00  6.33
2025 04 16    43  5 3 3 4 6 4 6 5    63  3 3 3 4 7 7 7 3    77   5.33  3.33  3.33  4.67  7.33  6.33  7.67  5.33
2025 04 17    11  2 4 2 2 3 3 1 2     7  2 4 1 1 2 1 1 1    11   2.67  4.00  2.00  1.67  3.00  2.33  0.67  2.33
2025 04 18    11  3 4 2 2 3 2 1 2    15  3 3 3 3 3 4 2 2    13   3.33  4.00  3.00  2.00  2.33  2.33  2.33  2.67
2025 04 19    18  4 3 3 2 4 3 2 4    49  4 3 7 6 5 5 2 4    20   4.00  3.00  4.00  2.67  3.33  3.33  2.33  4.33
2025 04 20    11  4 1 2 1 2 2 3 3    13  3 2 2 4 3 2 3 2    14   5.00  2.67  2.67  1.67  1.67  1.00  3.00  2.33
2025 04 21    24  4 4 3 4 5 3 4 2    37  3 5 5 5 5 5 4 3    35   4.33  4.33  4.33  4.67  5.33  4.00  5.00  2.67
2025 04 22    13  4 3 3 2 3 2 2 2    14  3 2 4 3 3 3 2 2    13   3.67  3.00  3.00  1.67  2.33  2.33  2.67  2.67
2025 04 23     9  1 2 2 4 3 2 1 1    12  1 2 2 5 3 2 2 1     7   1.67  2.67  1.67  3.00  2.00  1.33  0.67  1.33
2025 04 24    14  2 2 4 3 4 2 3 2    22  2 2 5 5 5 2 2 1    13   2.67  2.33  3.67  3.00  3.67  2.00  2.33  1.33
2025 04 25     5  1 1 1 2 2 1 2 2     4  1 1 1 0 1 1 2 2     5   1.00  1.00  1.00  1.67  1.67  1.00  1.67  2.00
2025 04 26     7  2 1 1 2 2 3 2 2    15  2 2 1 5 5 1 1 1     7   2.00  2.00  1.33  2.33  2.33  1.67  1.67  2.00
2025 04 27     7  2 2 1 2 3 2 2 1     4  1 2 1 0 1 2 2 1     6   1.33  2.33  1.33  1.33  1.67  2.33  2.00  1.33
2025 04 28     5  2 0 1 2 2 1 2 1     2  2 1 0 1 0 0 0 0     5   2.67  0.67  0.67  1.33  1.00  0.67  0.67  0.67
2025 04 29     6  0 2 2 2 2 2 2 2     7  0 2 3 3 2 1 2 1     6   0.33  1.67  2.33  2.00  1.67  1.33  2.00  1.67
2025 04 30    14  3 2 4 4 2 1 2 3    22  2 3 5 6 2 1 2 2    12   3.67  2.67  2.67  3.33  1.67  1.33  1.67  3.00
2025 05 01    21  3 3 4 3 4 3 4 4    36  3 4 5 5 5 5 4 4    28   3.33  4.00  3.67  4.00  4.00  3.33  4.67  5.00
2025 05 02    24  4 4 4 4 4 3 3 4    68  5 5 5 6 7 6 5 5    39   5.33  4.67  4.00  4.33  4.67  4.67  4.00  5.33
2025 05 03    20  4 4 4 4 3 3 2 3    39  5 4 5 6 5 4 3 3    26   5.00  4.00  3.67  4.67  3.33  3.33  2.67  3.67
2025 05 04    17  3 3 4 2 3 4 3 3    51  3 4 6 4 6 7 4 3    25   4.00  3.33  4.67  2.33  3.67  4.33  4.00  4.00
2025 05 05    23  3 4 4 4 4 4 3 3    62  4 5 7 6 6 6 3 4    29   3.33  4.67  4.33  4.00  4.00  4.67  3.67  4.00
2025 05 06    15  3 3 3 3 3 3 3 3    20  3 3 5 4 3 3 2 3    15   3.67  2.33  3.00  2.67  2.33  2.67  3.33  3.67
2025 05 07     8  2 3 2 2 2 1 2 2    16  3 2 4 5 3 2 1 1     9   2.33  2.67  2.67  2.67  1.67  1.00  1.67  2.00
2025 05 08    11  1 3 3 1 3 2 1 4    30  2 3 4 2 6 6 2 3    12   2.33  3.00  3.00  1.67  2.33  2.33  0.67  4.00
2025 05 09    11  2 2 1 2 3 3 2 4    24  3 3 2 3 5 5 4 3    15   2.67  2.33  1.67  2.00  2.33  3.00  4.00  4.33
2025 05 10    14  5 4 2 2 2 2 1 2    17  4 4 2 3 5 2 1 1    12   4.33  3.67  2.33  2.33  2.00  1.33  1.33  2.33
2025 05 11    14  2 3 2 2 3 2 4 4    16  2 3 4 3 4 3 2 3    17   2.33  3.33  2.67  2.00  3.00  1.33  4.67  4.00
2025 05 12     7  2 2 1 2 2 2 2 2    10  2 2 2 3 4 2 1 2     6   2.33  2.00  1.67  1.67  2.00  1.00  1.33  2.00
2025 05 13     9  2 1 1 2 2 3 3 3     6  1 1 1 2 3 1 2 2     9   1.67  1.67  1.67  1.67  1.67  2.00  3.33  3.33
2025 05 14    13  3 3 2 3 3 3 3 2    24  4 3 3 4 5 4 4 1    16   3.33  2.33  2.00  3.00  3.67  3.67  4.00  2.33
2025 05 15    15  3 5 3 1 2 2 2 3    22  4 4 4 4 3 4 2 3    13   3.00  4.00  2.67  2.00  2.00  2.67  2.33  3.00
2025 05 16    11  2 2 4 2 2 2 2 3    24  2 4 5 5 4 3 2 3    13   2.33  3.00  3.00  2.33  2.67  2.00  1.67  4.33
2025 05 17    25  5 5 3 4 4 3 3 2    51  5 5 4 6 6 6 4 3    38   6.33  5.33  3.33  4.67  4.33  4.00  3.67  3.33
2025 05 18    16  4 2 4 3 2 3 3 3    40  4 2 6 6 4 6 3 2    22   4.00  3.00  4.67  3.33  2.33  4.00  4.00  2.67
2025 05 19    10  3 3 1 2 3 2 2 2    13  3 4 2 3 3 3 0 2    10   3.33  3.00  1.67  1.67  2.33  2.33  1.67  2.00
2025 05 20    12  2 3 3 3 3 2 2 3    34  3 5 5 6 5 3 2 2    13   2.33  3.00  3.00  3.00  3.00  2.67  2.00  3.00
2025 05 21    12  3 3 3 3 3 2 2 2    23  3 4 5 5 3 2 2 3    13   4.00  3.00  3.00  3.00  2.33  1.33  1.67  2.33
2025 05 22     7  2 2 2 2 2 2 2 2     8  3 2 1 3 2 1 2 1     7   2.00  2.00  2.00  1.33  1.67  1.33  2.33  1.67
2025 05 23     8  2 2 2 2 3 2 2 2     9  2 1 2 3 3 3 1 1     7   2.00  1.67  2.00  2.00  2.33  2.33  1.33  2.00
2025 05 24     6  2 1 2 2 2 2 2 1     3  1 1 1 1 2 0 1 1     5   1.67  1.33  1.67  1.33  1.67  1.00  0.67  1.33
2025 05 25     8  2 2 2 1 3 3 2 1     5  2 2 2 2 1 1 1 1     6   1.67  2.00  2.00  1.33  2.00  1.33  1.00  1.00
2025 05 26     8  2 2 2 2 3 2 2 2     5  2 1 2 1 2 1 1 2     8   1.67  1.67  2.00  1.67  3.00  1.33  2.00  2.67
2025 05 27    12  2 2 1 3 3 2 3 4    23  3 2 2 3 5 5 3 4    15   2.33  2.33  1.67  2.67  3.00  2.67  4.00  4.00
2025 05 28    17  3 4 3 3 3 3 3 3    36  4 5 5 6 3 5 3 2    18   4.00  4.33  2.67  3.33  1.67  3.33  3.33  2.67
2025 05 29    38  5 5 4 5 4 4 5 4    69  6 5 6 7 6 6 4 3    65   6.67  5.33  5.00  5.33  5.67  5.67  5.67  5.00
2025 05 30    18  4 3 3 3 4 3 3 3    48  5 5 6 5 5 6 3 3    30   5.00  4.33  4.00  3.33  4.00  4.33  4.33  3.67
2025 05 31    12  3 3 3 2 3 2 2 3    32  3 4 4 5 6 4 3 3    16   3.33  3.00  3.00  2.33  3.67  2.33  3.00  3.67
2025 06 01    59  5 6 6 5 6 4 6 4    79  5 6 7 6 7 5 6 3   107   5.33  5.33  8.00  7.33  7.67  5.00  7.00  4.00
2025 06 02    38  4 5 5 5 5 4 4 4    88  4 5 7 6 6 7 7 5    69   4.67  5.00  6.33  6.67  6.00  5.33  5.33  5.67
2025 06 03    32  4 5 6 4 4-1 2 2    60  5 7 5 6 6-1 3 2    58   5.67  7.00  6.00  5.33  5.67  4.67  2.67  2.33
2025 06 04    17  1 3 3 3 4 4 3 3    37  1 4 3 5 6 6 4 3    26   1.33  3.67  3.00  4.00  5.00  5.33  3.67  3.00
2025 06 05    15  4 3 3 3 3 2 3 2    16  3 3 3 5 3 2 2 2    12   3.67  2.33  2.33  3.00  2.67  2.67  2.33  2.33
2025 06 06     8  2 2 2 2 3 2 2 2    22  3 3 6 5 2 2 2 0     8   2.33  2.00  2.33  2.33  2.00  2.00  2.33  2.00
2025 06 07    15  2 2 3 4 3 2 4 3    18  2 3 4 4 4 3 3 2    20   2.00  2.00  4.00  4.33  2.33  2.33  4.67  4.33
2025 06 08    13  2 2 2 2 3 3 3 4    18  2 2 1 1 5 5 3 3    15   2.33  2.33  2.00  2.00  3.00  4.00  3.00  4.33
2025 06 09    13  3 4 2 2 3 3 2 2    19  4 4 4 4 3 3 2 2    15   3.67  4.33  2.67  2.33  2.33  2.67  2.00  3.00
2025 06 10    11  2 2 3 2 3 2 3 3    10  3 2 3 3 2 2 2 2     9   2.67  1.67  2.33  2.00  1.67  1.67  2.33  3.00
2025 06 11    13  3 3 1 2 2 3 3 4    22  3 3 2 2 4 4 5 4    18   3.33  2.67  1.67  1.67  2.33  3.67  3.67  5.00
2025 06 12    24  4 4 4 4 3 3 4 4    44  4 5 5 6 6 4 3 4    33   4.67  4.33  4.00  3.67  3.67  2.67  5.33  5.33
2025 06 13    31  4 5 4 4 4 3 4 5    65  5 5 5 6 6 5 7 4    66   6.33  5.67  5.33  4.67  6.00  5.00  6.00  5.67
2025 06 14    21  5 4 3 3 4 2 3 3    27  5 5 4 4 3 4 3 2    24   4.67  5.33  3.00  3.33  3.33  3.00  2.67  3.00
2025 06 15    10  2 1 2 3 2 3 3 2    23  1 2 2 6 5 4 2 2    10   2.00  1.67  2.00  3.00  2.00  3.00  3.00  2.00
2025 06 16    10  1 2 4 2 3 2 2 2    16  2 4 4 3 4 2 2 2    10   2.00  2.33  3.67  2.00  2.33  1.67  2.33  2.00
2025 06 17     9  1 1 3 2 3 2 2 3    14  2 3 2 3 4 3 2 3     9   2.00  2.00  2.33  1.67  2.67  2.33  2.33  3.00
2025 06 18    12  3 2 2 3 2 2 2 4    20  3 3 4 4 5 3 2 2    13   3.33  2.33  2.00  3.00  3.33  2.33  2.33  3.67
2025 06 19    11  3 2 2 1 2 2 4 3     8  3 2 2 1 1 1 3 2    12   3.00  1.67  2.00  1.33  1.33  2.00  4.33  3.00
2025 06 20     8  1 2 3 2 2 3 1 1    13  1 2 4 3 4 3 2 1     9   1.33  2.00  3.00  2.67  2.00  3.00  2.33  1.00
2025 06 21    10  1 3 1 2 3 3 1 3    22  2 3 1 2 5 6 2 2    12   2.00  3.33  1.33  1.33  3.00  3.67  2.00  3.00
2025 06 22     9  3 3 1 2 2 2 2 2    14  3 3 2 4 4 2 2 2     9   3.67  2.33  1.67  2.00  2.00  2.00  2.33  2.00
2025 06 23     9  3 1 1 3 3 2 2 2    10  3 2 2 4 2 2 1 1     8   3.00  1.67  1.33  2.67  2.00  2.00  1.33  1.33
2025 06 24     9  1 2 3 3 2 2 2 2     7  1 2 2 3 2 2 1 1     7   1.33  2.00  2.33  2.00  2.00  2.67  1.67  1.67
2025 06 25    16  2 1 2 2 3 3 4 5    19  2 2 3 4 5 3 3 3    15   1.67  1.33  2.00  2.00  3.00  3.33  4.33  4.33
2025 06 26    24  4 3 3 3 3 4 4 5    41  4 4 3 5 6 6 4 4    26   4.00  3.33  3.67  3.00  4.00  4.00  4.00  5.00
2025 06 27    16  4 4 4 2 3 2 2 2    37  5 5 5 6 5 3 1 1    21   5.33  4.00  4.00  3.00  3.00  2.00  2.00  2.67
2025 06 28     8  1 2 3 2 2 2 2 2    20  2 2 5 5 4 2 2 2     9   1.67  2.33  3.33  2.67  2.00  1.67  2.00  2.00
2025 06 29     9  2 2 2 3 3 1 2 2    13  2 2 4 2 4 3 2 2     8   2.00  2.00  2.33  2.33  2.00  1.67  2.33  2.67
2025 06 30    11  2 3 2 4 2 2 2 2    27  4 3 3 6 2 5 3 2    27   2.33  2.00  2.33  3.33  1.67  3.00  2.67  2.67
