:Product: Daily Solar Data         quar_DSD.txt
:Issued: 2026 UT 07 Oct 2025
#
#  Prepared by the U.S. Dept. of Commerce, NOAA, Space Weather Prediction Center
#  Please send comments and suggestions to SWPC.Webmaster@noaa.gov
#
#                Quarterly Daily Solar Data
#
#                         Sunspot       Stanford GOES15
#           Radio  SESC     Area          Solar  X-Ray  ------ Flares ------
#           Flux  Sunspot  10E-6   New     Mean  Bkgd    X-Ray      Optical
#  Date     10.7cm Number  Hemis. Regions Field  Flux   C  M  X  S  1  2  3
#--------------------------------------------------------------------------- 
2025 07 01  126    144      300      2    -999      *   1  0  0  3  0  0  0
2025 07 02  130    148      315      1    -999      *   5  0  0  4  0  0  0
2025 07 03  125    118      300      0    -999      *   5  0  0  0  0  0  0
2025 07 04  119     87      360      0    -999      *   3  0  0  3  0  0  0
2025 07 05  117     82      220      0    -999      *   2  0  0  3  0  0  0
2025 07 06  118     81      230      1    -999      *   3  0  0  6  0  0  0
2025 07 07  118     96      290      1    -999      *   9  0  0  1  0  0  0
2025 07 08  115     88      290      0    -999      *   4  1  0  0  0  0  0
2025 07 09  120     83      290      2    -999      *   3  1  0  1  0  0  0
2025 07 10  129     72      340      0    -999      *  12  0  0  4  0  0  0
2025 07 11  132     98      490      3    -999      *  11  0  0 23  1  0  0
2025 07 12  139     93      700      0    -999      *  14  3  0 10  3  0  0
2025 07 13  128    102      710      1    -999      *  16  0  0  3  0  0  0
2025 07 14  128    139      545      2    -999      *  14  0  0  5  0  0  0
2025 07 15  139    146      585      2    -999      *   2  0  0  7  0  0  0
2025 07 16  152    182      900      2    -999      *   7  0  0 13  1  0  0
2025 07 17  156    178     1180      1    -999      *   3  0  0 14  0  0  0
2025 07 18  156    167     1110      0    -999      *   7  0  0  6  0  0  0
2025 07 19  153    139     1210      2    -999      *   3  0  0  7  0  0  0
2025 07 20  150    139     1070      1    -999      *   9  0  0  7  1  0  0
2025 07 21  143    130      870      1    -999      *   1  0  0  2  0  0  0
2025 07 22  145    101      640      1    -999      *   7  0  0  4  0  0  0
2025 07 23  150     85      550      1    -999      *   3  0  0  3  0  0  0
2025 07 24  156    137      740      4    -999      *   5  0  0  1  0  0  0
2025 07 25  148    133      680      0    -999      *   5  0  0  2  0  0  0
2025 07 26  143    136      690      2    -999      *   3  0  0  2  0  0  0
2025 07 27  145    126      660      1    -999      *   6  0  0  4  0  0  0
2025 07 28  145    134      458      2    -999      *   1  0  0  3  0  0  0
2025 07 29  152    112      330      1    -999      *   4  0  0  3  0  0  0
2025 07 30  149    131      530      2    -999      *  12  0  0  8  0  0  0
2025 07 31  145    138      560      1    -999      *   7  0  0  4  0  0  0
2025 08 01  146    129      420      0    -999      *  15  0  0  3  0  0  0
2025 08 02  146    132      680      1    -999      *  10  0  0 14  0  0  0
2025 08 03  146    118      810      0    -999      *  18  1  0  4  1  0  0
2025 08 04  142     86      610      1    -999      *   7  2  0  7  1  0  0
2025 08 05  157    120      820      1    -999      *   8  2  0 15  3  0  0
2025 08 06  158    154     1010      3    -999      *  17  1  0 44  1  0  0
2025 08 07  151    150      780      1    -999      *   5  2  0 21  3  0  0
2025 08 08  148    177     1010      3    -999      *  10  2  0 12  1  0  0
2025 08 09  140    137      680      1    -999      *  15  2  0  9  1  0  0
2025 08 10  153    155      660      0    -999      *   3  3  0 12  1  0  0
2025 08 11  146    157      760      1    -999      *  14  3  0  6  0  0  0
2025 08 12  152    152      680      1    -999      *  15  2  0  4  0  0  0
2025 08 13  140    157      630      2    -999      *  12  0  0  8  0  0  0
2025 08 14  130    170      480      3    -999      *   7  0  0  7  0  0  0
2025 08 15  123    168      440      1    -999      *  12  0  0  4  0  0  0
2025 08 16  122    123      390      0    -999      *   3  0  0  0  0  0  0
2025 08 17  117     53      100      0    -999      *   9  0  0  2  0  0  0
2025 08 18  114     73      120      2    -999      *   1  0  0  0  0  0  0
2025 08 19  116     36       90      1    -999      *   3  1  0  0  0  0  0
2025 08 20  120     59      180      2    -999      *   4  0  0  0  0  0  0
2025 08 21  121     76      350      1    -999      *   4  0  0  0  0  0  0
2025 08 22  136     51      380      0    -999      *   1  3  0  1  0  0  0
2025 08 23  143     87      400      3    -999      *   9  1  0  6  0  0  0
2025 08 24  152    102      550      2    -999      *   7  1  0  1  0  0  0
2025 08 25  175    136      820      2    -999      *  10  4  0 12  1  0  0
2025 08 26  202    193     1570      4    -999      *   6  3  0 20  3  0  0
2025 08 27  226    227     1730      1    -999      *   2  0  0 19  0  0  0
2025 08 28  232    201     1790      0    -999      *  11  5  0 16  1  0  0
2025 08 29  222    195     1670      2    -999      *  10  1  0 10  0  0  0
2025 08 30  317    183     1685      1    -999      *   4  3  0  0  0  0  0
2025 08 31  217    188     1760      1    -999      *   5  0  0  0  0  0  0
2025 09 01  202    165     1700      0    -999      *   3  0  0  0  0  0  0
2025 09 02  187    175     1720      3    -999      *   4  0  0  2  0  0  0
2025 09 03  180    128     1550      0    -999      *  10  0  0  9  0  0  0
2025 09 04  172    150     1560      1    -999      *   7  1  0 10  1  0  0
2025 09 05  149    128     1270      0    -999      *   2  1  0  1  1  0  0
2025 09 06  146    108      790      1    -999      *   8  1  0  6  0  0  0
2025 09 07  133     83      720      0    -999      *  14  0  0 22  1  0  0
2025 09 08  124     93      570      0    -999      *   8  0  0  5  0  0  0
2025 09 09  121     99      555      1    -999      *   2  0  0  1  0  0  0
2025 09 10  119     94      490      1    -999      *   2  0  0  2  0  0  0
2025 09 11  115     92      540      1    -999      *   8  0  0  2  0  0  0
2025 09 12  114     67      480      0    -999      *   2  0  0  0  0  0  0
2025 09 13  118     43      370      0    -999      *   5  0  0  0  0  0  0
2025 09 14  122     75      470      2    -999      *   9  0  0  3  0  0  0
2025 09 15  130    110      610      3    -999      *   9  0  0  1  0  0  0
2025 09 16  135    130      540      4    -999      *   6  0  0  4  0  0  0
2025 09 17  147    119      750      0    -999      *   5  0  0  4  0  0  0
2025 09 18  150    119      900      0    -999      *   6  0  0  3  0  0  0
2025 09 19  160    158      870      0    -999      *   4  1  0  2  0  0  1
2025 09 20  166    155     1020      2    -999      *   5  0  0  0  0  0  0
2025 09 21  176    157     1100      1    -999      *  10  0  0  3  0  0  0
2025 09 22  172    152     1130      0    -999      *   2  0  0  1  0  0  0
2025 09 23  171    172      930      2    -999      *   3  1  0  1  0  0  0
2025 09 24  184    155     1010      0    -999      *   9  2  0  6  0  0  0
2025 09 25  170    149      930      1    -999      *   9  0  0  1  0  0  0
2025 09 26  165    137      590      1    -999      *   9  1  0  1  0  0  0
2025 09 27  164    172      570      3    -999      *  17  3  0  8  0  1  0
2025 09 28  171    131      620      1    -999      *  17  1  0  8  2  0  0
2025 09 29  186    170      780      3    -999      *  16  4  0 14  2  0  0
2025 09 30  187    171     1090      1    -999      *   6  3  0 12  1  0  0
