:Product: Daily Geomagnetic Data     quar_DGD.txt
:Issued: 2131 UT 07 Jan 2026
#
#  Prepared by the U.S. Dept. of Commerce, NOAA, Space Weather Prediction Center
#  Please send comment and suggestions to SWPC.Webmaster@noaa.gov
#
#             Current Quarter Daily Geomagnetic Data
#
#
#                Middle Latitude        High Latitude            Estimated
#              - Fredericksburg -     ---- College ----      --- Planetary ---
#  Date        A     K-indices        A     K-indices        A     K-indices
2025 10 01    25  4 4 3 3 5 4 4 3    60  4 4 7 6 6 5 5 4    50   5.33  5.33  4.67  3.67  5.67  5.00  6.00  4.33
2025 10 02    30  4 5 4 4 5 2 4 4    65  4 6 7 7 5 4 4 4    45   5.33  6.67  4.67  4.67  4.33  2.33  4.67  4.33
2025 10 03    20  4 4 4 4 3 3 3 2    45  5 5 6 5 5 4 5 3    30   4.33  5.00  5.00  4.33  3.33  3.33  4.00  3.00
2025 10 04    16  3 3 4 3 4 3 2 2    61  4 4 6 7 7 5 3 2    20   3.67  3.67  4.00  3.67  4.00  3.67  2.67  2.33
2025 10 05     6  2 2 2 2 2 2 1 1    14  3 3 4 4 3 2 0 1     9   2.67  3.33  2.67  2.00  2.33  1.33  1.00  1.33
2025 10 06     5  1 0 1 1 2 2 2 2     5  0 0 0 3 2 3 1 1     6   1.33  0.67  1.33  1.33  1.67  1.67  1.67  2.33
2025 10 07    14  2 2 4 3 4 3 2 2    33  2 2 4 6 5 6 2 2    15   2.67  2.33  3.00  3.00  4.33  3.33  2.67  2.00
2025 10 08     9  2 4 3 2 2 1 1 1    18  2 4 4 3 5 3 1 1    11   3.00  3.67  3.00  2.33  2.67  2.00  1.67  0.67
2025 10 09     5  1 1 2 1 2 1 1 2     3  0 1 1 1 1 1 1 1     5   1.00  0.67  2.00  1.33  1.33  0.67  1.67  2.00
2025 10 10     9  3 2 3 3 2 1 1 2    12  2 2 3 5 2 1 1 1     9   3.67  2.33  2.67  2.67  1.67  0.67  1.33  1.67
2025 10 11    15  1 4 4 2 3 2 3 3    30  2 4 6 5 4 4 2 3    17   2.33  3.67  4.67  3.00  2.33  2.33  2.67  3.67
2025 10 12    18  4 3 3 3 3 3 4 3    38  4 4 4 5 5 5 5 4    29   4.00  4.00  3.67  3.67  3.67  4.33  5.33  4.00
2025 10 13    17  4 4 3 3 3 3 3 2    36  4 4 5 6 6 3 2 2    23   4.67  4.67  3.33  4.00  3.00  2.67  3.33  3.00
2025 10 14     6  2 1 2 1 2 2 1 2     9  2 1 3 2 3 3 1 1     8   2.67  2.00  2.67  1.67  1.67  2.00  1.00  2.33
2025 10 15     9  3 3 3 2 2 1 1 1    15  2 3 5 4 2 2 1 1    12   3.67  3.33  3.33  2.67  2.00  1.00  1.33  2.00
2025 10 16     3  0 0 1 1 1 1 2 2     2  1 0 1 2 0 0 0 0     4   1.00  1.00  1.67  1.33  0.67  0.33  1.33  1.67
2025 10 17     8  2 2 2 3 2 2 2 1    17  1 0 5 5 4 2 1 0     9   2.00  1.67  2.67  3.33  2.00  2.67  1.33  1.67
2025 10 18    20  3 3 3 3 4 4 4 3    46  2 4 5 6 4 6 6 3    36   3.67  4.00  5.00  3.67  3.00  5.00  6.00  4.00
2025 10 19    11  4 2 1 2 2 3 3 2    25  4 3 2 4 5 5 3 3    18   5.00  3.33  2.00  2.67  2.67  3.33  3.00  3.00
2025 10 20     6  2 2 2 2 2 1 1 2     7  2 3 2 2 2 1 1 1     8   3.00  2.67  2.33  2.00  1.67  1.00  1.33  2.00
2025 10 21     8  3 3 2 0 2 2 2 2     7  3 2 2 1 1 1 2 2     9   3.33  3.00  1.67  0.67  1.33  1.67  2.00  2.33
2025 10 22     3  0 0 1 1 2 2 1 1     1  1 0 0 0 1 1 0 0     4   1.33  1.00  0.67  1.00  1.00  1.00  1.33  1.67
2025 10 23     4  1 1 0 1 1 2 2 2     3  0 0 0 0 1 2 2 1     6   2.00  1.00  0.33  1.33  1.33  1.33  2.00  2.33
2025 10 24     8  2 2 2 2 2 2 3 1     8  2 2 2 3 3 1 2 1    10   3.00  2.33  2.33  2.33  1.67  2.00  3.00  1.67
2025 10 25     9  2 3 3 2 3 1 1 1    12  1 4 4 4 2 1 0 0     9   2.67  3.67  2.67  2.33  2.00  0.67  0.67  0.67
2025 10 26     4  0 1 1 2 1 2 1 1     1  0 0 1 1 0 0 0 0     4   1.00  1.33  1.33  1.33  0.33  1.00  0.67  1.00
2025 10 27     4  1 0 1 1 1 2 2 2     2  0 0 1 1 0 1 1 1     6   1.33  0.67  1.00  1.33  0.67  1.67  2.00  3.33
2025 10 28    14  3 3 3 2 3 3 3 3    28  1 3 4 4 6 3 4 4    19   3.33  3.00  3.33  2.33  3.67  3.00  4.33  3.67
2025 10 29    15  2 3 3 3 3 3 2 4    27  2 2 3 5 4 5 5 3    20   3.00  3.00  3.33  3.00  3.00  3.67  4.00  4.33
2025 10 30    24  3 3 4 4 5 4 3 3    58  4 3 6 6 7 6 3 4    38   4.67  3.67  4.33  5.33  5.33  5.00  3.00  4.33
2025 10 31    16  3 3 4 3 4 3 2 2    47  3 5 6 6 6 5 3 2    25   4.33  4.67  4.33  3.67  4.00  3.33  2.67  3.00
2025 11 01     9  2 3 2 2 3 2 2 2    24  2 3 2 5 5 5 3 2    14   3.00  3.00  2.67  2.67  3.00  3.00  3.00  2.33
2025 11 02    15  4 3 3 3 3 3 2 2    31  4 3 4 5 5 5 4 2    18   4.33  3.67  3.00  2.67  2.67  3.67  3.00  3.00
2025 11 03    18  2 3 5 4 3 2 2 3    48  2 3 7 6 5 5 4 3    20   2.67  3.33  4.33  4.00  3.67  3.33  3.00  3.33
2025 11 04     9  2 3 2 3 2 2 2 2    16  3 2 3 5 4 2 2 0    10   3.00  3.00  2.33  3.00  2.00  2.00  2.00  2.00
2025 11 05    19  3 2 4 2 3 1 4 5    35  3 4 6 4 4 4 4 5    28   4.00  3.33  4.33  2.33  2.00  2.33  4.67  6.00
2025 11 06    31  5 6 4 3 2 2 3 5    40  4 6 5 5 3 4 5 4    43   5.33  6.67  5.67  3.33  2.33  3.00  4.00  4.67
2025 11 07    20  4 4 4 4 3 2 3 3    35  4 5 4 5 5 5 3 3    32   5.00  5.33  5.00  4.00  3.33  3.00  3.33  3.67
2025 11 08    25  5 5 5 4 3 2 2 1    49  4 5 7 4 6 5 3 2    36   6.33  5.33  5.33  4.00  3.33  3.33  2.67  1.67
2025 11 09     7  1 1 2 2 2 2 1 3     7  3 2 3 2 1 0 1 1     8   2.00  1.67  2.33  1.67  1.67  1.00  1.00  3.33
2025 11 10     9  2 1 1 2 3 3 3 2    24  3 2 1 4 4 6 4 2    14   3.00  2.00  1.33  2.33  2.67  4.00  3.33  3.33
2025 11 11     4  2 2 1 1 1 0 0 2     8  1 2 3 4 1 1 0 2     7   2.33  2.67  1.67  2.33  0.33  0.67  0.67  3.00
2025 11 12    70  7 7 5 6 5 4 5 4   123  7 7 7 8 6 7 6 4   127   8.67  8.33  7.00  7.00  5.33  4.67  6.00  4.67
2025 11 13    43  6 6 5 4 5 4 3 3    69  6 6 7 5 7 5 3 1    59   7.33  6.67  6.00  4.00  5.00  4.00  3.00  2.00
2025 11 14     4  2 0 2 1 2 1 1 0     3  1 2 0 1 1 2 1 0     5   2.00  0.67  1.67  1.67  1.33  1.33  1.00  0.33
2025 11 15     7  1 1 2 2 2 1 3 2    12  1 2 3 4 3 2 2 3     9   1.67  1.33  2.00  1.67  2.00  1.67  3.33  3.00
2025 11 16    13  3 3 3 3 3 2 2 3    25  3 3 3 6 5 3 2 2    18   3.67  3.33  2.67  3.67  3.67  3.00  2.67  3.33
2025 11 17     9  4 2 2 1 2 1 2 2     8  3 2 3 1 2 2 2 1    11   4.00  3.00  2.67  1.33  2.00  1.00  2.33  2.33
2025 11 18     4  2 2 2 0 1 1 1 1     4  1 2 3 1 0 0 0 0     5   2.67  2.00  2.00  0.67  0.33  0.33  0.67  0.67
2025 11 19     2  0 0 1 0 1 0 1 1     0  0 0 0 0 0 0 1 0     3   0.67  0.33  1.00  0.67  0.33  0.33  1.33  0.67
2025 11 20     6  0 2 2 1 1 3 1 2     4  0 1 2 1 0 1 1 3     7   0.67  2.00  1.33  1.00  0.33  2.33  2.33  3.33
2025 11 21     5  2 2 1 1 1 2 2 1     9  2 2 2 3 3 2 2 1     8   3.00  2.67  0.67  1.67  1.33  2.00  2.33  2.00
2025 11 22     3  1 1 0 0 1 1 1 2     4  1 1 0 0 3 1 1 1     6   2.67  1.00  1.00  0.67  1.00  1.00  1.67  2.67
2025 11 23     8  2 1 1 2 3 3 2 2    26  2 1 1 6 6 3 3 1    13   3.00  1.67  1.67  2.33  3.00  3.67  3.33  2.67
2025 11 24    15  3 2 2 3 4 3 3 3    44  1 3 3 5 6 6 6 4    22   3.33  3.00  3.33  3.67  4.33  4.00  3.67  3.33
2025 11 25    17  3 3 4 3 4 3 3 2    61  4 4 6 7 6 6 4 4    32   4.67  4.33  5.00  4.00  4.33  4.33  4.00  3.33
2025 11 26    15  3 3 3 3 3 3 3 3    43  3 4 6 5 6 5 4 3    23   3.33  4.00  4.00  3.67  3.67  4.00  3.67  3.67
2025 11 27    23  2 3 4 5 4 3 4 3    62  3 3 6 7 7 5 4 4    27   3.00  3.33  4.00  4.67  4.33  3.67  4.67  4.00
2025 11 28    16  3 3 3 4 3 3 3 2    48  3 4 6 6 5 6 5 2    22   3.67  3.33  4.00  4.00  3.67  4.00  3.67  2.67
2025 11 29    12  2 3 3 3 3 3 2 2    44  3 3 6 5 6 6 3 3    20   2.67  3.00  4.00  3.33  4.00  4.00  3.00  3.00
2025 11 30    14  4 4 1 3 2 2 3 2    18  3 3 2 5 3 3 3 3    16   4.00  4.00  2.33  3.33  1.67  2.33  3.33  2.67
2025 12 01     9  4 0 1 2 2 3 2 1    12  2 1 2 4 4 3 2 1    10   4.00  1.00  1.67  2.00  2.00  3.00  2.00  2.00
2025 12 02     5  1 2 0 2 2 1 2 2     9  2 1 0 4 3 2 2 1     9   2.33  2.67  1.67  2.00  2.00  1.67  3.00  2.00
2025 12 03    20  1 2 1 4 4 3 5 4    45  0 1 2 6 6 6 6 4    33   1.67  2.67  2.00  3.00  4.67  4.33  6.67  4.67
2025 12 04    24  5 5 3 3 3 4 3 2    57  4 5 6 6 6 6 5 3    32   5.00  5.00  4.67  4.00  4.00  4.33  3.67  3.00
2025 12 05    10  3 3 3 2 2 2 2 2    21  2 2 5 5 3 3 3 3    13   3.33  3.33  3.33  2.33  2.00  2.00  3.00  2.67
2025 12 06    15  4 3 4 3 3 2 2 2    30  2 4 6 5 4 4 3 2    16   3.67  3.33  4.33  3.00  3.00  2.33  2.33  1.67
2025 12 07     5  2 3 2 2 1 1 0 0     4  1 2 2 3 1 0 0 0     9   2.67  3.67  3.00  2.00  1.67  0.33  0.33  0.33
2025 12 08     1  0 0 0 0 0 1 1 0     0  0 0 0 0 0 0 0 0     2   0.33  0.67  0.33  0.33  0.00  0.33  1.00  0.67
2025 12 09     4  2 0 1 0 2 2 1 1     5  0 0 1 3 2 2 2 0     5   2.33  0.67  1.00  1.00  1.33  1.67  1.33  1.33
2025 12 10    16  2 1 2 2 2 1 3 6    19  0 2 3 4 4 3 3 5    21   2.67  2.00  3.33  2.00  2.33  2.00  3.00  6.33
2025 12 11    17  4 4 2 2 2 4 4 1    23  5 4 2 2 3 4 5 2    26   5.67  4.67  2.33  2.00  2.00  4.00  4.67  3.00
2025 12 12    19  3 4 2 3 3 3 4 4    52  4 4 5 6 5 6 6 4    28   4.00  4.00  3.00  3.67  3.33  3.33  5.00  5.00
2025 12 13     8  3 2 2 2 2 2 2 2    18  3 1 2 3 4 3 5 3    14   4.67  2.00  2.33  2.33  2.67  2.33  3.33  2.67
2025 12 14     5  2 2 1 2 1 1 1 1     6  2 2 1 2 3 1 1 0     7   2.67  2.33  1.33  2.00  1.33  1.33  1.67  1.00
2025 12 15     5  0 0 2 1 3 2 1 1     9  0 0 2 2 5 2 0 0     6   0.67  0.33  1.33  1.33  3.00  1.67  1.00  1.00
2025 12 16     6  2 1 2 2 2 2 2 1    12  1 2 2 4 3 3 3 2    12   3.33  2.67  2.00  2.00  2.00  3.33  3.00  2.33
2025 12 17    10  2 2 3 2 2 2 3 3    17  3 2 3 3 4 3 3 4    18   2.67  3.00  3.00  2.33  2.67  2.67  4.00  4.67
2025 12 18    11  4 2 3 2 1 3 2 2    36  4 2 6 6 4 5 3 2    17   4.33  2.67  3.67  3.33  2.00  3.00  3.00  2.67
2025 12 19     4  1 1 1 1 1 2 1 1     4  2 1 1 1 1 2 1 1     6   2.33  2.00  1.33  1.00  1.00  1.67  2.00  2.00
2025 12 20     4  2 1 1 1 1 1 1 2     8  2 1 0 2 4 2 1 2     6   2.00  0.67  1.33  1.33  1.67  1.67  1.67  2.67
2025 12 21    20  3 1 3 3 4 4 2 5    50  1 2 3 6 6 7 5 4    27   3.67  2.67  3.00  3.67  4.33  4.67  3.67  5.00
2025 12 22    17  3 3 4 2 4 3 3 3    53  3 2 4 5 7 6 6 4    25   3.67  3.33  3.67  3.00  5.00  3.67  4.00  4.00
2025 12 23    14  3 3 3 2 3 3 3 3    42  2 3 5 6 6 5 4 4    21   3.33  3.67  3.33  3.00  3.67  3.67  4.00  4.00
2025 12 24    19  4 4 3 3 3 4 2 3    40  4 4 6 6 5 3 4 3    21   4.33  4.33  3.67  2.67  3.33  3.67  3.00  3.00
2025 12 25     8  2 3 3 2 2 2 1 1    17  3 4 4 4 3 3 1 1    11   3.33  3.33  3.00  2.33  2.33  2.33  1.33  1.67
2025 12 26     6  1 2 2 1 2 3 1 1    13  1 1 2 4 4 4 1 1     8   1.67  2.33  2.33  2.00  2.00  3.33  1.00  1.00
2025 12 27     5  1 2 2 1 2 2 1 1     8  1 2 2 3 3 1 2 2     7   1.33  3.00  2.00  1.67  1.67  1.00  2.00  1.67
2025 12 28     7  2 1 1 2 2 3 2 1    13  2 1 1 4 4 4 1 1     9   2.67  1.33  1.33  2.33  1.67  3.00  2.33  2.33
2025 12 29     9  3 3 2 2 3 2 1 1    15  1 1 4 5 4 1 1 1     9   3.00  2.67  2.33  2.67  2.33  1.33  0.67  1.67
2025 12 30     5  1 1 2 1 2 2 1 1    13  1 1 2 4 4 4 2 0     8   1.67  2.00  2.00  1.67  3.00  2.67  1.67  1.00
2025 12 31     7  1 1 3 2 3 2 1 1    17  0 0 3 4 6 2 0 1     4   1.67  1.33  2.33  1.67  3.00  1.33  1.33  1.33
