:Product: Daily Solar Data         quar_DSD.txt
:Issued: 0225 UT 03 Apr 2026
#
#  Prepared by the U.S. Dept. of Commerce, NOAA, Space Weather Prediction Center
#  Please send comments and suggestions to SWPC.Webmaster@noaa.gov
#
#                Quarterly Daily Solar Data
#
#                         Sunspot       Stanford GOES15
#           Radio  SESC     Area          Solar  X-Ray  ------ Flares ------
#           Flux  Sunspot  10E-6   New     Mean  Bkgd    X-Ray      Optical
#  Date     10.7cm Number  Hemis. Regions Field  Flux   C  M  X  S  1  2  3
#--------------------------------------------------------------------------- 
2026 01 01  169    120      580      0    -999      *  12  0  0  3  0  0  0
2026 01 02  166    124      650      2    -999      *   9  0  0  0  0  0  0
2026 01 03  165    136      650      1    -999      *   9  0  0  5  0  0  0
2026 01 04  157     97      810      1    -999      *   5  0  0  0  0  0  0
2026 01 05  154     91      780      0    -999      *   6  0  0  1  0  0  0
2026 01 06  145     99      870      0    -999      *  10  0  0  2  1  0  0
2026 01 07  135    118      770      1    -999      *  14  0  0  2  0  0  0
2026 01 08  140     96      730      1    -999      *   8  0  0  1  0  0  0
2026 01 09  117     80      510      1    -999      *   4  0  0  0  0  0  0
2026 01 10  114     65      390      0    -999      *   6  0  0  5  0  0  0
2026 01 11  111     84      390      1    -999      *   1  1  0  1  0  0  0
2026 01 12  113     52      300      0    -999      *   2  0  0  1  0  0  0
2026 01 13  117     49      290      0    -999      *   6  0  0  2  0  0  0
2026 01 14  127     70      600      2    -999      *   7  1  0  3  1  0  0
2026 01 15  139    123      890      4    -999      *   4  0  0  2  0  0  0
2026 01 16  148    144     1650      1    -999      *  11  0  0  7  0  0  0
2026 01 17  159    124      950      0    -999      *  13  2  0  7  0  1  0
2026 01 18  148    140      750      1    -999      *   7  0  1  3  0  0  1
2026 01 19  173    162      740      3    -999      *   6  1  0  1  0  0  0
2026 01 20  178    172      790      1    -999      *   8  0  0  4  0  0  0
2026 01 21  188    166      845      0    -999      *  11  2  0  4  1  0  0
2026 01 22  194    206      890      2    -999      *   9  0  0  0  0  0  0
2026 01 23  180    195      900      0    -999      *   7  0  0  2  0  0  0
2026 01 24  174    147      880      1    -999      *   5  0  0  0  0  0  0
2026 01 25  165    131      790      0    -999      *  11  0  0  1  0  0  0
2026 01 26  153    115      560      1    -999      *   5  0  0  3  1  0  0
2026 01 27  144    100      300      2    -999      *   6  0  0  3  0  0  0
2026 01 28  133    135      360      3    -999      *   2  0  0  0  0  0  0
2026 01 29  129    117      280      2    -999      *   3  0  0  0  0  0  0
2026 01 30  128    112      300      3    -999      *  10  0  0  0  1  0  0
2026 01 31  141    126      400      2    -999      *  19  0  0  4  0  1  0
2026 02 01  162     97      790      1    -999      *   2 17  2  0  0  1  0
2026 02 02  174    131     1020      2    -999      *   1 15  2  0  1  1  0
2026 02 03  178    171     1385      1    -999      *   5 11  1  5  6  0  0
2026 02 04  167    166     1340      0    -999      *   6 12  1  5  2  1  0
2026 02 05  176    139     1430      0    -999      *  13  9  0  6  3  0  0
2026 02 06  164    132     1510      1    -999      *  12  0  0  7  1  0  0
2026 02 07  169    128     1560      0    -999      *   6  0  0  0  0  0  0
2026 02 08  167    118     1470      0    -999      *   6  3  0  8  4  1  0
2026 02 09  144    107     1490      1    -999      *  10  1  0  2  1  0  0
2026 02 10  142    105     1385      0    -999      *   8  1  0  0  0  0  0
2026 02 11  129     84      570      1    -999      *  10  2  0  5  0  0  0
2026 02 12  129     82      480      0    -999      *   3  1  0  0  0  0  0
2026 02 13  117     50      430      0    -999      *   0  1  0  1  0  0  0
2026 02 14  117     60      430      2    -999      *   2  0  0  0  0  0  0
2026 02 15  118     65      410      0    -999      *   2  0  0  1  0  0  0
2026 02 16  118     69      400      0    -999      *   1  1  0  1  0  0  0
2026 02 17  122     63      360      0    -999      *   3  0  0  3  0  0  0
2026 02 18  119     43      240      0    -999      *   2  0  0  0  0  0  0
2026 02 19  116     39      235      0    -999      *   3  0  0  0  0  0  0
2026 02 20  111     34      170      0    -999      *   1  0  0  1  0  0  0
2026 02 21  110     11      120      0    -999      *   0  0  0  0  0  0  0
2026 02 22  110      0        0      0    -999      *   4  0  0  0  0  0  0
2026 02 23  108      0        0      0    -999      *   0  0  0  0  0  0  0
2026 02 24  120      0        0      0    -999      *   3  0  0  0  0  0  0
2026 02 25  125     25      190      2    -999      *  12  1  0  1  0  0  0
2026 02 26  130     43      390      1    -999      *   5  0  0  1  0  0  0
2026 02 27  139     53      520      1    -999      *  11  0  0  3  0  0  0
2026 02 28  141     44      620      0    -999      *   7  0  0  1  0  0  0
2026 03 01  147     85      810      3    -999      *  17  0  0  2  0  0  0
2026 03 02  148     82      740      0    -999      *   8  0  0  0  0  0  0
2026 03 03  144     64      780      0    -999      *   6  0  0  7  0  0  0
2026 03 04  141     71      700      1    -999      *   2  0  0  0  0  0  0
2026 03 05  146     73      680      1    -999      *   4  0  0  0  0  0  0
2026 03 06  143     75      770      0    -999      *   1  0  0  0  0  0  0
2026 03 07  135     75      750      0    -999      *   1  0  0  0  0  0  0
2026 03 08  135     76      670      1    -999      *   3  0  0  0  0  0  0
2026 03 09  128     72      500      1    -999      *   7  0  0  3  0  0  0
2026 03 10  127     71      420      1    -999      *   8  0  0  0  0  0  0
2026 03 11  123    120      485      4    -999      *   2  0  0  0  0  0  0
2026 03 12  121    116      470      0    -999      *   4  0  0  1  0  0  0
2026 03 13  120    105      440      0    -999      *  14  1  0  7  1  0  0
2026 03 14  112     85      380      2    -999      *  16  0  0  2  1  0  0
2026 03 15  109     93      270      1    -999      *   4  1  0  2  0  0  0
2026 03 16  111     66      230      0    -999      *   2  1  0  0  0  0  0
2026 03 17  111     72      270      0    -999      *   1  1  0  1  0  0  0
2026 03 18  113     83      240      1    -999      *   8  1  0  0  1  0  0
2026 03 19  106     38      200      0    -999      *   1  0  0  2  0  0  0
2026 03 20  102     28      160      0    -999      *   0  0  0  0  0  0  0
2026 03 21  107     48      260      2    -999      *   1  0  0  0  0  0  0
2026 03 22  120     96      550      3    -999      *   2  0  0  2  0  0  0
2026 03 23  124     94      730      0    -999      *   7  0  0  0  0  0  0
2026 03 24  128    113      750      0    -999      *   2  0  0  0  0  0  0
2026 03 25  140    103      735      1    -999      *   5  0  0  2  0  0  0
2026 03 26  152    113      760      0    -999      *   8  1  0  1  1  0  0
2026 03 27  156    152     1130      3    -999      *  11  0  0  3  0  0  0
2026 03 28  162    116     1100      1    -999      *   3  1  0  0  0  0  0
2026 03 29  158    125      620      1    -999      *   4  0  0  0  0  0  0
2026 03 30  152    143      575      1    -999      *   3  0  1  2  0  0  0
2026 03 31  141    133      625      0    -999      *   5  0  0  0  0  0  0
