:Product: Daily Geomagnetic Data     quar_DGD.txt
:Issued: 2131 UT 07 Oct 2025
#
#  Prepared by the U.S. Dept. of Commerce, NOAA, Space Weather Prediction Center
#  Please send comment and suggestions to SWPC.Webmaster@noaa.gov
#
#             Current Quarter Daily Geomagnetic Data
#
#
#                Middle Latitude        High Latitude            Estimated
#              - Fredericksburg -     ---- College ----      --- Planetary ---
#  Date        A     K-indices        A     K-indices        A     K-indices
2025 07 01     7  3 2 1 2 1 2 2 2     9  4 3 2 2 2 1 1 1     7   3.33  2.33  1.67  1.33  0.67  1.00  1.00  2.00
2025 07 02     8  1 2 3 1 3 2 2 2    11  0 1 3 4 4 2 2 1     7   1.33  1.67  2.33  1.67  2.33  1.67  2.00  2.00
2025 07 03    16  2 3 3 3 4 2 3 4    21  2 4 3 2 5 5 2 2    16   2.67  3.00  3.00  3.33  3.67  2.33  2.67  3.67
2025 07 04    11  2 2 3 2 2 1 3 4    16  3 4 5 2 2 2 2 2    10   2.67  2.33  2.67  1.67  1.33  1.33  2.67  3.67
2025 07 05    20  3 4 3 3 4 3 3 4    29  3 4 3 6 5 3 3 3    19   3.00  3.33  3.00  3.67  4.00  3.00  3.33  3.33
2025 07 06    20  3 4 3 4 3 2 2 5    37  5 5 4 6 5 2 2 4    26   4.33  5.00  3.00  3.67  3.33  1.67  2.67  5.33
2025 07 07    20  5 4 2 3 3 3 3 3    22  4 3 3 3 4 5 3 3    22   5.33  4.33  2.67  3.00  3.00  3.33  3.00  3.00
2025 07 08    13  3 3 3 3 3 3 2 2    19  3 4 3 4 2 5 2 2    13   3.00  3.67  3.00  2.67  2.00  2.67  1.67  2.67
2025 07 09     8  3 2 1 2 3 2 1 1    12  3 2 3 4 3 2 2 1     8   3.00  2.33  1.67  2.00  2.00  1.67  1.33  1.67
2025 07 10     6  1 1 1 2 3 2 2 0     2  1 1 1 1 0 1 1 0     4   1.00  1.33  1.00  1.33  0.67  1.00  1.00  0.67
2025 07 11    18  2 2 3 4 4 3 4 3    25  1 3 4 6 4 3 3 3    19   2.00  2.67  3.00  4.33  3.33  2.67  4.33  3.67
2025 07 12    10  2 2 3 3 3 2 2 2    29  3 4 4 6 5 3 2 3    13   2.67  2.67  3.00  3.00  3.00  2.00  2.33  3.00
2025 07 13    17  4 4 3 3 3 3 3 2    41  4 5 5 6 5 5 3 3    23   4.33  4.67  3.67  3.33  3.67  3.00  3.33  3.00
2025 07 14    16  2 2 3-1-1 3 4 4    16  2 3 3-1-1 4 3 3    16   2.00  2.67  3.00  1.67  2.67  3.00  4.67  3.67
2025 07 15    17  3 4 4 4 3 3 1 2    37  4 5 6 5 5 4 2 2    23   4.00  4.33  5.00  4.67  3.00  2.33  1.67  2.00
2025 07 16    14  2 3 3 4 2 1 2 4    24  4 4 4 6 2 1 2 3    17   3.00  3.00  2.67  3.67  1.67  1.33  3.00  5.00
2025 07 17    14  4 3 3 3-1-1-1 0    42  3 4 5 6 6 5 4 2    19   3.67  3.67  3.67  3.67  3.67  3.67  3.00  1.67
2025 07 18     9  2 1 2 2 4 2 1 2    18  2 2 2 5 5 3 2 2    11   2.00  1.00  2.00  2.67  4.00  3.00  1.67  2.00
2025 07 19     8  1 1 1 3 3 2 2 2    11  1 3 2 4 3 3 1 1     7   1.00  2.33  1.67  2.00  1.67  2.33  1.67  1.67
2025 07 20     7  1 1 1 2 3 2 2 2     9  1 1 1 3 4 3 1 1     5   1.33  1.33  0.67  1.67  2.00  1.67  0.67  1.33
2025 07 21     4  1 1 1 1 2 1 1 2     2  2 1 0 0 0 0 0 1     4   2.00  1.33  0.67  0.67  1.33  0.33  0.33  1.00
2025 07 22    17  1 3 2 3 3 2 4 5     9  1 2 1 1 2 2 3 4    17   1.00  2.00  1.33  2.00  2.00  3.00  4.67  5.00
2025 07 23    20  3 4 3 4 4 3 3 3    32  4 5 4 5 5 4 3 3    27   4.33  4.00  3.67  4.33  4.67  3.33  4.00  3.67
2025 07 24    16  3 3 3 4 3 3 2 3    29  4 4 5 5 5 3 3 2    15   3.67  2.67  3.00  3.67  3.33  3.00  2.33  2.33
2025 07 25    10  2 2 2 3 3 2 2 3    10  2 3 2 3 3 2 2 2     8   2.33  2.33  2.00  2.00  2.00  2.33  2.00  2.67
2025 07 26    11  2 1 2 3 3 3 3 2    19  3 2 1 3 6 4 1 1    12   2.00  1.67  1.67  3.00  3.00  4.00  2.67  2.00
2025 07 27     7  1 1 2 2 3 2 2 1     3  1 1 1 1 1 1 1 0     5   1.00  1.00  1.67  1.33  1.00  1.33  1.33  1.00
2025 07 28     8  0 1 1 2 3 3 2 3     6  1 2 1 0 3 2 1 2     7   1.00  1.33  1.33  1.67  1.67  1.67  2.33  3.00
2025 07 29     9  2 2 2 3 2 3 2 2    13  2 3 4 5 2 0 0 1     8   2.67  2.33  2.33  2.33  1.00  1.33  1.33  2.00
2025 07 30     9  2 1 2 3 3 2 3 1     7  2 2 1 1 3 2 2 1     8   2.67  1.67  1.33  2.00  2.33  2.67  2.33  1.33
2025 07 31    10  3 2 2 2 3 2 2 3    12  2 2 2 4 4 2 2 1    11   3.00  3.00  2.00  2.33  2.67  2.33  2.67  2.00
2025 08 01    13  3 3 2 3 3 2 3 3    19  3 3 2 3 6 2 2 2    13   2.67  2.67  2.67  2.67  3.33  1.67  2.67  3.33
2025 08 02     9  3 2 1 2 2 3 2 2     7  2 2 2 1 2 2 2 2     9   3.00  2.00  1.67  1.33  1.33  2.33  2.67  2.67
2025 08 03     9  2 2 1 2 2 3 3 2     6  2 2 1 0 2 2 3 1     9   2.00  1.67  1.33  1.67  1.33  2.67  3.67  2.00
2025 08 04     7  1 1 2 2 3 2 2 2    11  1 1 3 3 4 3 2 1     8   1.00  1.67  2.67  2.00  2.33  2.33  2.00  2.33
2025 08 05    10  3 2 1 2 3 2 3 2    11  2 3 0 2 4 3 2 2    10   3.00  2.67  1.00  1.33  2.33  2.33  3.00  2.33
2025 08 06     9  2 2 1 2 3 3 1 3     4  2 1 1 1 1 2 1 1     6   2.00  1.67  1.33  1.33  1.67  2.00  1.33  2.33
2025 08 07     6  1 2 1 3 2 2 1 1     3  2 2 1 1 0 0 0 0     4   1.33  1.33  1.33  1.33  1.00  0.33  0.33  1.33
2025 08 08    18  1 2 2 3 4 4 4 4    25  0 2 2 5 5 5 4 3    22   1.00  1.33  1.67  3.33  4.67  4.33  5.00  4.00
2025 08 09    27  5 4 4 4 4 4 3 3    55  5 5 7 5 5 6 3 3    47   5.33  5.00  5.00  4.67  5.33  6.00  4.33  3.00
2025 08 10    17  3 2 4 4 4 2 3 2    48  3 4 6 7 5 5 3 2    22   3.67  2.00  4.33  4.33  3.67  3.33  4.00  3.00
2025 08 11    17  4 3 2 3 4 4 2 2    44  4 3 6 6 6 5 3 2    17   4.33  2.33  3.33  3.00  3.33  3.67  2.67  2.67
2025 08 12    12  3 3 2 3 3 2 2 3    23  4 4 3 5 3 4 2 3    14   3.67  3.00  2.00  2.67  3.00  2.33  2.67  3.33
2025 08 13    17  3 3 3 4 4 2 3 3    37  3 3 5 6 6 4 3 3    15   2.67  3.00  2.67  3.00  3.00  2.67  3.00  3.67
2025 08 14    13  3 2 3 4 3 2 2 2    41  3 4 7 6 5 2 2 2    11   3.33  2.33  3.00  3.00  2.33  1.67  1.67  2.00
2025 08 15    10  3 3 3 3 2 1 2 1    13  3 3 4 4 1 2 1 1     7   2.67  2.33  2.33  2.00  1.33  1.33  2.00  1.33
2025 08 16     6  1 2 1 3 2 2 1 1     5  1 1 1 3 0 2 1 1     6   1.33  2.00  1.33  2.00  1.33  2.00  1.00  1.67
2025 08 17     7  0 2 3 3 3 1 1 0     6  1 2 2 2 4 0 0 0     5   1.33  1.33  2.00  1.67  2.00  1.00  0.33  0.33
2025 08 18     5  0 0 1 2 3 2 1 2    14  0 1 1 5 4 4 1 1     7   0.33  0.67  1.33  2.33  2.33  2.67  1.33  2.33
2025 08 19    16  3 2 2 3 4 3 4 3    25  3 2 3 5 5 4 4 3    19   3.00  2.00  2.00  2.67  4.00  3.67  4.67  3.67
2025 08 20    12  3 3 3 2 3 2 2 3    21  4 3 4 6 2 2 1 0    13   4.00  3.00  3.00  2.67  1.67  1.67  2.00  3.33
2025 08 21     8  3 2 1 2 3 1 2 2     4  3 2 1 0 0 0 1 1     7   2.67  2.00  1.00  1.00  1.33  1.33  2.33  2.00
2025 08 22     9  3 2 1 2 3 1 3 2    -1 -1-1-1 3 4 3 3-1     8   3.00  2.00  1.33  1.00  2.00  1.67  2.33  2.67
2025 08 23     7  2 2 1 2 3 1 2 1     6  2 3 2 2 2 0 1 1     7   2.67  2.33  1.67  1.67  1.67  0.67  1.00  2.00
2025 08 24     5  1 1 1 2 2 2 2 1     6  1 3 1 2 2 1 1 1     6   2.00  1.67  1.33  1.00  1.33  1.33  2.00  1.67
2025 08 25     7  0 1 1 2 4 2 2 1    12  0 1 1 2 5 4 1 1     8   1.00  1.33  1.33  1.33  3.33  2.67  1.67  1.67
2025 08 26    10  2 3 3 2 3 2 1 2    24  2 4 3 5 3 5 2 4     8   1.67  3.00  2.33  2.67  1.67  1.00  1.33  1.67
2025 08 27     9  2 1 1 3 3 2 3 2    12  2 1 1 2 3 3 3 4     8   1.33  1.33  1.00  2.67  3.00  1.67  2.00  2.33
2025 08 28     7  1 1 2 2 3 2 2 2     9  2 2 3 2 2 2 2 3     7   2.00  1.67  2.67  2.00  2.00  1.33  2.00  2.00
2025 08 29     6  2 1 1 2 2 2 2 1     6  2 2 1 1 1 2 2 2     6   2.33  2.00  1.33  1.33  1.33  1.67  2.00  1.67
2025 08 30     8  2 1 2 2 3 2 2 2    11  2 1 3 4 2 3 2 2     7   2.00  1.33  2.00  2.00  1.67  2.33  1.67  2.00
2025 08 31     9  2 2 1 3 3 2 2 2     6  2 1 1 3 1 2 2 1     8   2.33  2.00  1.33  2.67  2.00  2.00  2.00  1.67
2025 09 01     9  1 1 1 2 2 2 3 4    10  1 1 1 2 1 1 2 5    16   2.00  1.33  1.33  1.33  1.33  2.00  2.67  6.00
2025 09 02    25  5 4 4 3 3 4 4 3    27  4 4 4 3 5 3 4 4    34   5.33  4.33  4.33  3.67  3.00  4.33  5.00  4.33
2025 09 03     8  3 3 2 2 2 1 2 1    11  4 3 2 3 2 2 2 1    12   4.67  3.33  2.33  2.00  1.67  1.00  2.33  1.00
2025 09 04    10  2 1 2 3 3 3 2 2    19  1 1 3 5 4 5 1 2    10   2.00  1.33  2.33  3.00  2.00  2.67  2.33  2.67
2025 09 05     8  1 0 1 3 3 2 2 3    12  2 0 1 5 2 2 2 3     8   1.67  0.67  1.33  2.67  1.33  1.67  2.67  3.33
2025 09 06    17  3 3 3 3 4 4 3 1    51  3 5 6 6 5 6 5 2    26   4.00  3.67  4.00  3.33  4.00  5.00  4.33  1.33
2025 09 07     4  1 1 0 1 2 2 1 2     4  1 0 0 0 0 1 2 3     5   1.00  1.00  0.67  0.67  1.00  0.33  1.33  2.67
2025 09 08    10  3 3 2 3 2 2 2 2    24  3 3 5 5 4 4 2 2    13   3.33  3.67  2.67  2.67  2.33  2.33  2.67  1.67
2025 09 09    15  3 2 3 2 3 2 2 5    23  3 2 3 5 4 3 2 5    19   3.33  2.33  2.67  2.67  2.67  1.67  2.67  5.67
2025 09 10    12  4 4 1 2 3 2 1 2    18  5 5 2 3 2 3 1 1    13   4.33  4.33  1.33  2.00  2.00  2.00  1.33  1.67
2025 09 11    10  3 2 3 2 3 2 1 2    14  3 4 4 3 3 2 1 1    10   4.00  2.67  2.67  2.00  2.00  1.67  1.00  1.67
2025 09 12     9  1 3 3 3 2 2 2 1    21  0 2 4 6 4 3 2 1     9   1.00  2.67  2.67  3.00  2.00  2.00  2.00  1.00
2025 09 13     7  1 2 3 2 2 2 1 1    14  1 3 4 5 3 1 0 0     6   1.67  2.67  2.67  2.00  1.00  1.00  0.33  1.00
2025 09 14    12  2 2 2 3 2 2 3 4    12  1 1 3 4 3 2 2 3    14   2.00  2.00  2.67  2.33  2.00  2.00  3.00  5.00
2025 09 15    34  6 5 4 4 5 3 3 3    60  4 5 7 6 6 5 4 4    48   6.67  5.33  5.00  4.67  5.33  3.67  3.67  4.33
2025 09 16    17  5 3 3 3 3 2 2 3    38  4 3 6 5 6 4 3 3    21   5.00  3.67  3.67  3.67  3.67  2.33  2.33  3.00
2025 09 17    10  2 2 3 3 3 1 2 2    17  3 2 4 5 3 2 2 2    12   2.33  2.67  3.33  3.33  2.33  1.33  2.33  2.67
2025 09 18     6  1 2 1 1 3 2 2 1    10  2 1 3 4 3 2 0 1     6   2.00  2.00  2.00  2.00  2.00  2.00  1.00  1.33
2025 09 19     7  0 0 0 1 5 1 1 0     1  0 0 0 1 0 0 1 0     3   0.67  0.67  0.67  0.67  1.67  0.33  0.67  0.67
2025 09 20     5  1 2 2 2 2 1 1 1     4  1 0 3 2 0 0 0 1     5   1.67  2.00  2.00  1.33  0.67  0.33  0.33  1.33
2025 09 21     6  1 1 1 1 2 3 2 1     3  1 0 1 2 1 1 1 0     6   1.67  1.33  1.67  1.00  1.67  2.00  1.33  1.33
2025 09 22    12  3 2 2 3 3 3 2 3    14  3 2 2 3 5 2 2 2    13   2.67  2.33  2.00  3.00  3.00  3.33  2.67  3.33
2025 09 23    12  3 2 3 3 3 3 2 1    30  3 3 3 3 6 6 3 2    14   3.33  2.67  2.67  2.67  3.67  3.00  3.00  1.67
2025 09 24     6  1 1 1 2 2 2 2 2     6  1 1 1 2 3 2 1 1     8   2.00  1.67  1.33  2.33  2.33  2.00  1.67  2.67
2025 09 25     7  1 1 2 3 3 1 2 1     9  1 1 2 3 4 2 1 1     8   1.33  1.00  2.00  2.67  3.00  1.67  1.33  1.67
2025 09 26     6  2 2 1 2 2 1 2 1     4  2 1 0 0 3 0 1 1     7   2.33  2.33  1.00  2.33  1.67  1.00  2.33  1.67
2025 09 27     5  1 1 1 1 2 2 2 2     4  1 1 1 2 2 0 2 1     7   1.67  2.00  1.33  1.00  1.33  1.00  2.67  2.33
2025 09 28     9  3 3 0 2 2 3 2 2     5  2 1 1 1 1 2 2 1    10   3.00  3.00  1.33  2.00  1.67  3.00  2.67  2.00
2025 09 29    13  2 2 3 3 4 3 3 1    51  2 2 4 6 5 7 6 3    27   2.67  2.67  3.67  4.67  4.00  5.00  4.67  3.33
2025 09 30    43  5 6 5 5 5 4 3 4    70  4 6 6 5 7 6 6 4    15   5.33  7.33  6.00  5.33  5.67  5.67  5.33  5.67
