:Product: Daily Geomagnetic Data     quar_DGD.txt
:Issued: 0330 UT 28 Mar 2026
#
#  Prepared by the U.S. Dept. of Commerce, NOAA, Space Weather Prediction Center
#  Please send comment and suggestions to SWPC.Webmaster@noaa.gov
#
#             Current Quarter Daily Geomagnetic Data
#
#
#                Middle Latitude        High Latitude            Estimated
#              - Fredericksburg -     ---- College ----      --- Planetary ---
#  Date        A     K-indices        A     K-indices        A     K-indices
2026 01 01    10  1 3 3 2 3 2 2 2    15  1 1 2 4 5 3 2 2    12   2.00  3.00  2.67  2.67  3.33  2.67  2.33  2.67
2026 01 02    16  2 3 3 2 3 3 4 4    29  2 3 4 4 5 5 5 3    24   3.00  4.00  3.33  2.33  3.33  3.33  5.00  4.67
2026 01 03    10  3 3 2 1 3 3 1 1    28  3 3 3 3 6 5 4 2    12   3.33  3.33  2.00  2.00  3.00  2.67  2.67  1.33
2026 01 04     4  0 0 0 0 1 2 2 3     2  0 0 0 0 0 1 1 2     6   0.33  0.33  0.33  0.67  0.67  1.33  2.33  3.33
2026 01 05    10  2 3 3 3 3 2 0 2    28  2 5 6 4 5 2 0 1    14   3.00  4.00  4.33  2.67  2.67  1.33  0.67  2.00
2026 01 06     3  0 0 1 1 2 1 1 1     3  0 0 2 3 1 0 0 0     4   1.00  0.33  1.00  1.67  2.33  0.67  0.67  0.67
2026 01 07     3  1 1 0 0 1 1 2 2     2  0 0 0 0 0 1 2 1     5   1.00  1.00  0.33  0.33  0.67  0.67  2.33  2.33
2026 01 08     8  3 3 2 1 1 2 1 2    15  3 4 4 4 2 0 2 2    14   4.33  3.33  3.67  2.00  1.00  1.00  2.00  3.00
2026 01 09     9  3 3 2 2 1 2 3 1    12  3 2 3 2 3 3 3 2    12   3.67  3.33  2.33  2.00  1.67  2.33  3.33  2.00
2026 01 10    15  1 2 3 2 4 2 4 4    40  1 3 4 5 6 5 5 5    32   2.00  3.00  3.67  2.67  4.33  3.33  6.00  5.67
2026 01 11    20  3 2 3 2 4 5 4 3    46  3 2 4 5 6 6 6 4    31   4.67  3.00  3.00  2.67  4.67  5.00  5.33  4.00
2026 01 12    14  2 4 3 3 1 2 2 4    24  2 4 5 5 3 2 3 4    18   3.33  4.33  3.67  2.67  1.33  2.33  3.00  4.33
2026 01 13     9  3 2 1 2 0 2 4 2    12  3 3 2 5 0 0 1 2    10   3.67  2.67  1.67  2.33  0.67  1.33  2.67  2.33
2026 01 14     5  2 2 0 1 2 2 1 2    10  0 1 1 2 5 1 1 3     7   1.67  2.00  0.67  1.33  2.33  1.33  2.00  3.00
2026 01 15     8  3 2 2 2 2 2 2 2    17  2 2 4 4 3 4 3 2    12   3.00  2.33  3.00  2.33  1.33  3.00  3.00  2.33
2026 01 16    17  3 3 2 3 3 4 3 4    66  2 3 4 6 6 8 5 4    26   3.33  3.67  3.00  2.67  3.67  5.00  4.33  4.67
2026 01 17    18  5 3 3 2 3 3 3 3    39  4 3 5 6 5 5 4 3    27   5.33  3.67  4.00  3.00  3.33  3.67  4.00  4.00
2026 01 18    12  2 4 3 2 2 2 3 2    25  3 3 4 5 5 4 3 2    15   3.00  3.67  2.67  2.33  2.33  2.67  3.67  3.00
2026 01 19    64  2 1 0 1 1 3 8 8    91  3 1 1 4 3 4 9 8    73   3.33  1.67  0.67  1.00  1.33  2.67  8.33  8.67
2026 01 20    91  6 5 7 7 7 5 5 6   174  4 4 9 9 8 7 6 6   143   6.33  5.67  7.67  8.00  7.33  7.00  7.00  7.67
2026 01 21    45  6 6 6 5 4 3 3 3    95  6 8 7 7 6 5 3 3    73   7.33  7.00  6.67  6.33  4.33  4.00  3.33  3.33
2026 01 22    15  4 3 2 2 2 1 2 5    16  3 3 4 3 3 2 2 4    19   4.33  3.33  2.67  2.33  2.00  2.00  2.00  5.33
2026 01 23    17  3 4 3 3 3 3 3 3    58  4 4 5 7 6 6 5 3    28   4.33  4.00  3.67  4.33  4.00  4.00  4.33  4.00
2026 01 24    12  3 2 2 3 3 3 3 2    25  4 2 4 4 5 4 4 2    17   4.00  2.33  2.33  2.67  3.00  3.00  4.00  3.33
2026 01 25    12  3 3 2 3 3 3 2 2    32  2 2 5 5 5 6 2 2    15   3.33  3.33  2.67  3.00  3.33  3.33  2.67  1.67
2026 01 26     6  1 0 2 2 2 2 2 2    20  1 1 3 5 5 4 2 2    10   2.33  1.00  2.00  2.33  3.00  2.33  2.67  3.00
2026 01 27     7  2 2 1 2 1 1 2 3    17  2 1 4 5 3 3 3 2    10   2.00  2.67  1.67  2.00  1.33  2.00  3.00  3.33
2026 01 28    15  3 2 2 2 3 4 3 4    36  2 3 3 5 6 6 3 4    24   3.33  3.33  2.67  3.00  3.67  4.33  3.33  5.33
2026 01 29    14  3 3 2 3 3 3 3 3    33  4 3 2 5 6 5 4 3    22   4.33  3.33  2.33  3.67  3.67  4.00  4.00  3.67
2026 01 30     9  4 2 2 2 2 2 1 2     8  3 2 2 3 1 2 1 1    10   3.67  3.00  2.33  2.33  1.67  1.33  1.00  2.33
2026 01 31     3  1 1 2 0 1 0 2 1     3  2 1 1 1 1 1 0 0     5   2.00  2.00  1.67  0.67  0.67  0.33  1.67  1.33
2026 02 01     2  0 0 1 1 1 1 1 1     3  0 0 1 1 2 2 0 0     4   0.33  0.67  1.67  1.00  1.33  1.00  1.00  1.67
2026 02 02     4  2 2 1 1 1 2 1 0     3  0 1 2 2 1 0 0 0     6   2.33  2.67  1.33  1.67  1.00  1.00  1.33  1.33
2026 02 03     3  1 1 0 1 2 1 2 0     4  0 0 2 3 0 1 2 0     5   2.00  1.67  1.00  1.00  0.67  1.33  2.00  0.67
2026 02 04     8  0 1 1 1 2 4 2 3    10  0 0 0 2 2 5 2 2    11   0.67  0.67  1.00  1.00  2.33  3.67  2.67  4.00
2026 02 05    15  3 4 4 3 3 2 2 1    23  3 5 4 2 5 3 3 2    22   4.33  5.33  4.67  3.00  3.33  1.33  2.00  1.33
2026 02 06    14  0 1 2 3 4 4 3 3    32  1 2 1 5 6 5 5 3    16   0.67  1.67  2.00  3.00  3.67  4.33  4.00  3.33
2026 02 07    11  3 3 3 2 2 2 2 3    18  3 3 4 4 3 3 4 1    15   3.67  3.33  3.33  2.67  2.00  2.67  2.67  3.67
2026 02 08     5  2 2 1 1 2 1 1 2     6  2 2 0 3 2 1 1 2     8   2.67  2.33  1.00  1.33  1.00  1.00  2.00  3.00
2026 02 09     5  2 1 2 1 1 2 1 1     5  1 1 1 1 3 2 1 1     7   2.67  1.33  1.67  1.33  1.67  2.00  1.00  2.00
2026 02 10     8  1 1 1 3 2 2 2 3    10  0 0 0 5 2 1 2 3    10   1.00  0.67  1.00  2.67  2.00  1.67  2.67  4.33
2026 02 11    13  3 3 2 3 2 3 3 3    24  3 2 3 5 3 5 4 3    18   4.00  3.33  3.00  3.00  2.33  3.33  3.33  4.00
2026 02 12     6  2 2 1 2 2 2 1 2    18  2 2 3 5 3 5 1 0     9   2.67  2.67  2.00  2.67  1.33  2.67  1.33  1.67
2026 02 13     8  3 1 1 2 1 2 2 3    15  3 2 3 4 2 4 2 3    14   4.00  2.00  2.67  2.33  1.67  3.00  2.67  4.00
2026 02 14     8  2 3 0 0 2 1 3 3     8  3 3 0 0 0 1 2 4    11   3.33  2.67  0.33  0.33  0.67  1.33  2.67  4.33
2026 02 15    18  5 4 2 2 3 2 2 4    32  5 6 3 4 4 4 4 2    26   5.33  5.33  3.00  2.67  2.67  3.33  3.00  4.00
2026 02 16    23  4 4 4 3 3 3 5 2    47  3 6 5 6 3 5 6 2    29   4.33  4.33  4.33  3.00  2.33  3.67  6.00  2.67
2026 02 17     7  2 2 1 2 2 3 1 2    22  2 1 5 5 4 4 2 2    11   3.00  2.00  2.00  3.00  2.33  3.00  1.67  2.67
2026 02 18     7  1 3 2 1 2 2 2 2    14  1 3 2 4 4 4 2 0    10   2.33  3.33  2.33  2.00  2.33  2.33  2.00  2.33
2026 02 19     8  3 2 2 2 3 1 1 1    16  2 3 3 4 5 2 1 1    10   3.33  3.00  2.67  2.33  3.00  1.33  1.00  1.33
2026 02 20     6  0 2 2 2 2 2 2 2    17  0 2 2 5 5 3 2 2    12   1.00  2.67  2.33  2.33  2.67  2.33  2.67  4.00
2026 02 21    12  4 3 2 2 1 1 3 3     8  3 2 2 1 1 1 2 3    16   4.33  3.33  2.67  2.00  1.00  1.67  3.00  4.33
2026 02 22    24  3 4 5 3 4 3 3 4    65  2 4 7 7 6 5 5 4    37   4.00  5.00  5.33  4.00  4.33  4.00  4.00  5.00
2026 02 23    17  3 4 3 3 3 2 4 3    31  3 5 5 5 5 2 3 3    23   3.67  4.67  3.00  3.67  3.33  2.00  4.33  4.00
2026 02 24    12  3 3 3 2 3 3 2 2    29  3 4 3 5 6 3 3 3    14   3.00  3.67  2.67  2.33  3.33  2.33  3.33  2.67
2026 02 25    11  3 2 2 3 3 2 1 3    20  3 3 3 5 4 3 2 3    14   3.67  2.33  2.33  3.00  2.67  2.67  2.00  4.00
2026 02 26    14  3 4 3 3 3 2 2 2    36  3 4 6 6 5 4 2 2    18   4.00  4.00  3.67  3.33  2.67  2.00  3.00  2.67
2026 02 27     9  3 2 2 2 3 2 2 1    22  2 2 2 3 6 5 2 1    10   3.00  2.00  2.33  2.00  2.67  3.33  1.67  2.00
2026 02 28     4  1 2 0 1 2 2 1 1    11  1 2 2 2 5 2 1 2     8   1.67  2.67  1.67  1.33  2.67  1.67  2.00  2.00
2026 03 01     7  2 2 2 2 2 2 1 2    11  2 2 2 5 3 1 0 1     8   2.67  2.67  2.33  2.00  1.67  1.00  1.67  1.67
2026 03 02     4  1 1 1 1 2 2 1 1     3  1 1 1 0 3 1 0 0     5   1.67  1.00  1.33  1.00  1.67  1.00  1.00  1.33
2026 03 03    14  0 2 3 3 3 3 3 4    16  1 2 3 5 2 4 2 3    16   1.00  2.67  2.33  2.33  2.00  3.33  3.33  5.00
2026 03 04     6  2 2 1 2 2 2 2 1     9  3 2 2 4 2 1 1 0     7   2.33  3.00  2.00  2.00  1.00  1.33  2.00  1.33
2026 03 05     3  1 1 1 0 2 1 1 0     1  1 0 1 0 0 0 0 0     4   1.67  0.67  1.67  0.33  1.33  0.33  0.33  0.67
2026 03 06     7  1 3 2 1 2 1 1 3    12  0 1 1 3 5 3 1 2     7   1.00  2.67  1.67  1.67  2.00  1.33  1.00  3.00
2026 03 07    11  3 3 2 2 2 2 3 3    23  3 4 4 4 3 4 4 3    18   4.33  3.33  3.00  2.33  1.67  2.67  3.67  4.00
2026 03 08    14  3 3 3 2 4 3 2 2    50  4 4 7 4 6 6 3 2    22   4.67  3.67  3.67  2.67  4.00  4.00  3.00  2.33
2026 03 09     5  2 1 1 1 1 2 1 2    11  1 1 1 4 4 3 2 1     7   2.00  1.67  1.33  1.67  1.67  1.67  2.00  2.67
2026 03 10    11  3 2 2 3 3 3 2 1    21  3 1 4 4 5 4 3 1    14   3.33  2.67  2.33  3.00  3.00  3.67  3.00  1.67
2026 03 11     7  3 3 2 1 2 1 2 0    12  2 3 3 4 4 0 1 1     9   3.33  3.67  2.00  1.33  2.00  0.33  2.00  1.33
2026 03 12     7  1 2 1 1 3 3 2 1    16  2 1 1 3 5 5 1 1     8   2.67  2.33  2.00  1.33  2.33  2.33  2.00  1.33
2026 03 13    19  3 4 3 4 2 2 2 5    21  2 4 3 5 2 4 2 4    24   3.33  4.00  2.67  4.67  1.67  2.67  2.00  5.67
2026 03 14    19  4 4 3 3 4 3 2 3    41  5 4 5 6 5 5 3 3    40   5.67  6.00  4.67  4.00  5.00  3.67  2.67  3.67
2026 03 15    14  4 1 2 4 3 2 2 3    19  2 2 2 5 4 4 3 3    17   4.00  2.00  2.33  3.67  3.00  2.67  3.00  4.00
2026 03 16    10  3 3 2 2 3 2 2 1    20  2 2 2 4 6 4 1 1    10   3.00  3.00  2.00  2.00  3.33  2.33  1.67  1.33
2026 03 17     4  1 2 1 1 1 1 1 1     2  1 1 1 2 0 0 1 0     4   2.00  1.00  1.00  1.67  0.67  0.33  1.00  0.67
2026 03 18     4  1 1 2 1 1 2 1 1     2  0 0 1 2 1 0 0 0     5   1.00  1.00  1.67  1.67  1.00  0.67  1.00  1.67
2026 03 19     3  0 1 0 1 1 2 1 1     0  0 0 0 0 1 0 0 0     3   0.67  0.67  0.67  0.67  1.00  0.67  0.00  0.33
2026 03 20    25  1 2 3 3 3 3 5 6    20  1 3 5 3 3 2 4 4    34   2.00  2.67  3.67  3.67  3.00  3.33  5.67  6.67
2026 03 21    27  6 5 4 3 3 2 3 2    27  4 5 5 4 4 3 3 2    44   7.00  6.00  5.00  4.00  3.00  3.00  3.67  3.00
2026 03 22    36  3 4 5 5 5 4 4 5    92  3 4 5 7 8 7 6 5    75   3.67  4.67  5.00  6.67  6.00  6.67  6.33  6.33
2026 03 23    15  3 3 0 2 4 4 3 3    37  4 5 0 6 5 5 4 3    28   4.67  3.67  1.67  2.67  4.67  5.00  4.33  4.00
2026 03 24    12  2 4 3 3 3 1 2 2    25  3 4 5 5 4 3 3 2    16   2.67  3.67  3.33  3.67  3.33  2.33  2.67  2.67
2026 03 25    12  3 3 4 3 2 1 2 1    21  2 3 6 4 3 2 3 1    17   3.00  3.33  5.33  3.67  1.67  1.33  2.67  1.00
2026 03 26     7  1 1 2 2 2 3 2 2    21  2 2 4 5 4 5 1 1    10   2.67  1.67  2.67  2.33  2.33  3.33  2.00  2.00
2026 03 27     6  1 2 2 2 2 2 1 2    16  2 2 1 1 5 5 2 1     7   1.67  2.00  1.67  1.67  1.33  2.00  1.67  2.33
2026 03 28    -1  2-1-1-1-1-1-1-1    -1  3-1-1-1-1-1-1-1     8   3.33 -1.00 -1.00 -1.00 -1.00 -1.00 -1.00 -1.00
