:Product: Daily Solar Data         quar_DSD.txt
:Issued: 2026 UT 07 Jan 2026
#
#  Prepared by the U.S. Dept. of Commerce, NOAA, Space Weather Prediction Center
#  Please send comments and suggestions to SWPC.Webmaster@noaa.gov
#
#                Quarterly Daily Solar Data
#
#                         Sunspot       Stanford GOES15
#           Radio  SESC     Area          Solar  X-Ray  ------ Flares ------
#           Flux  Sunspot  10E-6   New     Mean  Bkgd    X-Ray      Optical
#  Date     10.7cm Number  Hemis. Regions Field  Flux   C  M  X  S  1  2  3
#--------------------------------------------------------------------------- 
2025 10 01  184    161     1150      1    -999      *   4  2  0  9  2  0  0
2025 10 02  167    161     1155      0    -999      *   9  1  0 13  1  0  0
2025 10 03  170    150     1020      2    -999      *   5  2  0  4  0  1  0
2025 10 04  158    137      970      0    -999      *  11  0  0  1  0  0  0
2025 10 05  148    127      640      1    -999      *   1  0  0  0  0  0  0
2025 10 06  133    136      590      2    -999      *   5  0  0  1  1  0  0
2025 10 07  131    109      480      1    -999      *   2  0  0  1  0  0  0
2025 10 08  120     67      320      0    -999      *   3  0  0  0  0  0  0
2025 10 09  122     87      140      2    -999      *   3  1  0  2  0  0  0
2025 10 10  121     81      130      0    -999      *   4  0  0  4  0  0  0
2025 10 11  131    108      200      1    -999      *   5  0  0  4  0  0  0
2025 10 12  143    125      510      3    -999      *  16  0  0  4  1  0  0
2025 10 13  141    122      680      0    -999      *  19  3  0  9  3  0  0
2025 10 14  154    108      720      1    -999      *  21  3  0 27  3  0  0
2025 10 15  162    106      760      0    -999      *  12  5  0  7  2  1  0
2025 10 16  161    132     1470      2    -999      *  13  4  0 12  0  0  0
2025 10 17  164    120     1380      1    -999      *   6  6  0  6  1  0  0
2025 10 18  156    105     1230      1    -999      *   7  5  0  0  1  0  0
2025 10 19  149    103      960      2    -999      *   7  2  0  0  0  0  0
2025 10 20  140    109      900      2    -999      *   5  1  0  0  0  0  0
2025 10 21  133    107      480      2    -999      *   3  0  0  0  0  0  0
2025 10 22  133    117      490      1    -999      *   5  0  0  1  0  0  0
2025 10 23  130     92      490      2    -999      *   7  0  0  0  0  0  0
2025 10 24  134     99      520      1    -999      *   7  0  0  3  0  0  0
2025 10 25  127     89      420      1    -999      *   3  0  0  4  0  0  0
2025 10 26  124     92      410      0    -999      *   2  0  0  0  0  0  0
2025 10 27  121     96      340      1    -999      *   2  0  0  0  0  0  0
2025 10 28  122     91      340      0    -999      *   1  0  0  0  0  0  0
2025 10 29  118     80      320      0    -999      *   0  0  0  0  0  0  0
2025 10 30  120     68      200      1    -999      *   1  0  0  0  0  0  0
2025 10 31  125     34      130      0    -999      *   5  0  0  1  0  0  0
2025 11 01  115     24      150      1    -999      *   5  0  0  1  0  0  0
2025 11 02  123     43      190      1    -999      *   4  1  0  2  0  0  0
2025 11 03  133     87      730      2    -999      *   8  5  0  3  0  0  0
2025 11 04  159     91      710      0    -999      *   9  2  2  6  3  0  0
2025 11 05  147     76      730      0    -999      *  13  2  0 10  2  2  0
2025 11 06  163    104      980      1    -999      *  22  1  0  9  0  0  0
2025 11 07  166    133     1240      2    -999      *  20  1  0 19  1  0  0
2025 11 08  172    107     1350      0    -999      *  15  0  0  6  0  0  0
2025 11 09  176    126     1390      1    -999      *  11  0  1  5  1  1  0
2025 11 10  180    128     1410      1    -999      *  14  1  1  8  1  2  0
2025 11 11  168    131     1530      1    -999      *  12  1  1 20  0  0  1
2025 11 12  163    150     1350      0    -999      *   8  0  0  4  0  0  0
2025 11 13  156    104     1050      0    -999      *  17  0  0 12  0  0  0
2025 11 14  145    114      930      1    -999      *  12  2  1  2  0  0  1
2025 11 15  132     97      690      1    -999      *  14  0  0  1  0  0  0
2025 11 16  132     66      100      1    -999      *  13  1  0  3  0  0  0
2025 11 17  122     45      140      0    -999      *  12  0  0 13  0  0  0
2025 11 18  120     66      160      2    -999      *   7  0  0  2  0  0  0
2025 11 19  123     60      260      1    -999      *   3  0  0  0  0  0  0
2025 11 20  121     51      320      1    -999      *   8  0  0  1  0  0  0
2025 11 21  121     75      130      2    -999      *  12  0  0  2  0  0  0
2025 11 22  119     74      460      1    -999      *  12  0  0  0  0  0  0
2025 11 23  120     79      240      1    -999      *   9  0  0  1  0  0  0
2025 11 24  116     99      230      1    -999      *   5  0  0  2  0  0  0
2025 11 25  116     99      430      0    -999      *   4  0  0  2  0  0  0
2025 11 26  120     85      520      0    -999      *   7  0  0  6  0  0  0
2025 11 27  120     76      360      0    -999      *   7  0  0  3  0  0  0
2025 11 28  138     87      460      1    -999      *  15  2  0  1  0  0  0
2025 11 29  160     74     1080      0    -999      *   6  5  0  3  1  0  0
2025 11 30  180    108     1880      2    -999      *  14  0  0  3  0  0  0
2025 12 01  196    175     2500      3    -999      *   7  0  1  5  1  0  0
2025 12 02  200    177     2535      1    -999      *   9  0  0  3  0  0  0
2025 12 03  209    227     2475      1    -999      *   9  0  0  2  0  0  0
2025 12 04  220    165     2420      0    -999      *   7  1  0  6  1  0  0
2025 12 05  206    133     2100      1    -999      *  13  0  0 12  0  0  0
2025 12 06  200    129     1940      0    -999      *  10  2  0  7  2  1  0
2025 12 07  194    133     1870      1    -999      *  18  1  0 14  0  0  0
2025 12 08  186    146     1550      1    -999      *  12  4  1 16  2  2  0
2025 12 09  183    134     1410      1    -999      *   9  5  0 11  2  0  0
2025 12 10  168    134     1450      0    -999      *  15  5  0 15  2  1  0
2025 12 11  146    123     1500      2    -999      *  12  0  0  2  0  0  0
2025 12 12  135    124     1490      1    -999      *   7  2  0  1  0  0  0
2025 12 13  122     76      590      0    -999      *   9  0  0  0  0  0  0
2025 12 14  119     78      230      1    -999      *   6  0  0  1  0  0  0
2025 12 15  118     73      230      1    -999      *   7  0  0  1  0  0  0
2025 12 16  117     81      220      1    -999      *   4  0  0  0  0  0  0
2025 12 17  119     68      270      0    -999      *   3  0  0  1  0  0  0
2025 12 18  116     87      350      2    -999      *   3  0  0  1  0  0  0
2025 12 19  118     33       60      0    -999      *   6  1  0  0  0  0  0
2025 12 20  120     74      160      4    -999      *   9  1  0  2  0  0  0
2025 12 21  124     85      240      0    -999      *  13  1  0  8  0  0  0
2025 12 22  133     80      480      2    -999      *   5  0  0  0  1  0  0
2025 12 23  142    106      480      1    -999      *   5  0  0  0  0  0  0
2025 12 24  134    103      410      1    -999      *   2  0  0  0  0  0  0
2025 12 25  163    113      550      1    -999      *   3  0  0  1  0  0  0
2025 12 26  166    131      740      2    -999      *   7  0  0  2  0  0  0
2025 12 27  178    130      950      1    -999      *  10  1  0  2  0  0  0
2025 12 28  188    143      990      2    -999      *   8  3  0  1  1  1  0
2025 12 29  196    138     1020      4    -999      *  14  1  0  7  1  0  0
2025 12 30  182    141      980      0    -999      *   9  0  0  4  0  0  0
2025 12 31  171    127      700      1    -999      *   6  1  0  1  0  0  0
