:Product: Daily Solar Data         quar_DSD.txt
:Issued: 2025 UT 07 Jul 2025
#
#  Prepared by the U.S. Dept. of Commerce, NOAA, Space Weather Prediction Center
#  Please send comments and suggestions to SWPC.Webmaster@noaa.gov
#
#                Quarterly Daily Solar Data
#
#                         Sunspot       Stanford GOES15
#           Radio  SESC     Area          Solar  X-Ray  ------ Flares ------
#           Flux  Sunspot  10E-6   New     Mean  Bkgd    X-Ray      Optical
#  Date     10.7cm Number  Hemis. Regions Field  Flux   C  M  X  S  1  2  3
#--------------------------------------------------------------------------- 
2025 04 01  182    147      950      0    -999      *  12  2  0 10  0  0  0
2025 04 02  180    158     1030      1    -999      *  12  0  0  3  1  0  0
2025 04 03  178    124      930      0    -999      *   5  0  0  3  0  0  0
2025 04 04  180    163     1010      3    -999      *   5  0  0  3  0  0  0
2025 04 05  184    160     1010      2    -999      *   9  1  0  2  0  0  0
2025 04 06  167    140     1070      1    -999      *   4  0  0  5  0  0  0
2025 04 07  162    167     1140      1    -999      *   6  0  0  2  1  0  0
2025 04 08  159    130      830      0    -999      *   5  1  0  4  1  0  0
2025 04 09  167    113      680      2    -999      *   9  0  0  1  1  0  0
2025 04 10  153    112      680      1    -999      *   7  0  0  6  0  0  0
2025 04 11  170    120      760      1    -999      *   9  2  0 19  1  0  0
2025 04 12  165    103     1110      0    -999      *  15  7  0  8  3  0  0
2025 04 13  164     80     1100      0    -999      *   8 10  0  3  4  0  0
2025 04 14  152     86     1070      0    -999      *   9  2  0  1  0  0  0
2025 04 15  153     58      410      1    -999      *   4  2  0  2  0  0  0
2025 04 16  148     70      500      2    -999      *   4  0  0  1  0  0  0
2025 04 17  151    118      710      2    -999      *   6  0  0  1  0  0  0
2025 04 18  156    113      870      1    -999      *   5  1  0  1  0  0  0
2025 04 19  157    114      840      0    -999      *   2  0  0  5  0  0  0
2025 04 20  156    108      790      0    -999      *   4  1  0  3  0  0  0
2025 04 21  163    137      830      1    -999      *   2  1  0  4  1  0  0
2025 04 22  163    142      610      3    -999      *   2  1  0  6  0  0  0
2025 04 23  167    132      700      1    -999      *   6  0  0  9  0  0  0
2025 04 24  170    152      600      1    -999      *   5  0  0  4  0  0  0
2025 04 25  164    169      810      4    -999      *   4  0  0  1  0  0  0
2025 04 26  156    172      530      0    -999      *   4  0  0  1  0  0  0
2025 04 27  156    119      420      0    -999      *   5  0  0  2  0  0  0
2025 04 28  154    134      660      2    -999      *   7  0  0  6  0  0  0
2025 04 29  149    105      830      0    -999      *  12  3  0 10  3  0  0
2025 04 30  148     77     1190      0    -999      *   4  1  0  2  0  1  0
2025 05 01  152     59     1290      0    -999      *   6  0  0  5  0  0  0
2025 05 02  152     38     1290      0    -999      *   8  0  0  2  0  0  0
2025 05 03  152     77     1300      2    -999      *  10  0  0 12  0  0  0
2025 05 04  159     92     1350      1    -999      *   7  0  0  2  0  0  0
2025 05 05  159    108     1420      1    -999      *   5  0  0  3  0  0  0
2025 05 06  156     90     1540      0    -999      *  14  0  0  6  0  0  0
2025 05 07  154     84     1480      0    -999      *  15  0  0 13  0  0  0
2025 05 08  149     84     1440      1    -999      *   9  0  0  6  1  0  0
2025 05 09  136     77     1340      0    -999      *   7  0  0  3  0  0  0
2025 05 10  134     70      820      1    -999      *   7  0  0  0  0  0  0
2025 05 11  126     77      250      1    -999      *  16  1  0  1  0  0  0
2025 05 12  116     64      200      1    -999      *   9  0  0  0  0  0  0
2025 05 13  117     54      260      0    -999      *   2  0  1  4  2  0  0
2025 05 14  122     53      260      1    -999      *   6  4  1  4  1  1  0
2025 05 15  119     45      290      0    -999      *   9  1  0  2  1  0  0
2025 05 16  117     57      330      2    -999      *   6  0  0  7  0  0  0
2025 05 17  117     58      310      1    -999      *   1  0  0  0  0  0  0
2025 05 18  118     53      330      0    -999      *   2  0  0  0  0  0  0
2025 05 19  117     66      310      1    -999      *   3  1  0  0  0  0  0
2025 05 20  119     67      290      1    -999      *  11  0  0  2  0  0  0
2025 05 21  119     88      320      3    -999      *   4  1  0  3  0  0  0
2025 05 22  120     99      350      1    -999      *   4  0  0  6  0  0  0
2025 05 23  122    122      330      1    -999      *   3  0  0  4  0  0  0
2025 05 24  130    105      490      0    -999      *  11  1  0  3  2  0  0
2025 05 25  133     93      510      1    -999      *   7  3  1  8  1  1  0
2025 05 26  133    113      790      1    -999      *   8  2  0  5  1  1  0
2025 05 27  137    116      790      2    -999      *   6  0  0  1  0  0  0
2025 05 28  144    126      880      1    -999      *  11  0  0  4  0  0  0
2025 05 29  145    122      870      0    -999      *   6  0  0  1  0  0  0
2025 05 30  157    107      980      1    -999      *   8  3  0  9  0  0  0
2025 05 31  164     96      860      0    -999      *   9  4  0 18  1  1  0
2025 06 01  150     97      780      0    -999      *  10  0  0  4  1  0  0
2025 06 02  140    103      700      0    -999      *   5  2  0  1  0  1  0
2025 06 03  135     95      590      1    -999      *   6  1  0  2  0  0  0
2025 06 04  134     92      540      1    -999      *   5  1  0  3  0  0  0
2025 06 05  128     92      460      0    -999      *  12  0  0  8  0  0  0
2025 06 06  128     76      270      1    -999      *  13  0  0 10  0  0  0
2025 06 07  121    103      240      2    -999      *   7  0  0  2  0  0  0
2025 06 08  115     87      150      0    -999      *   4  0  0  3  0  0  0
2025 06 09  120     82      160      2    -999      *   3  0  0  2  0  0  0
2025 06 10  129    105      370      1    -999      *  11  0  0  6  0  0  0
2025 06 11  141    133      655      2    -999      *  11  0  0  7  0  0  0
2025 06 12  142    116      905      1    -999      *   6  0  0  2  1  0  0
2025 06 13  143    134      890      0    -999      *   5  1  0 12  1  0  0
2025 06 14  151    136     1150      1    -999      *  13  2  0 10  1  0  0
2025 06 15  161    141     1250      0    -999      *  12  4  0 20  2  0  0
2025 06 16  148    125      700      0    -999      *   6  4  0  5  2  0  0
2025 06 17  139     97      600      0    -999      *   6  1  1 12  0  1  0
2025 06 18  137    120      660      1    -999      *  20  0  0 20  0  0  0
2025 06 19  136    113      890      1    -999      *   9  0  1 14  1  0  0
2025 06 20  130     95      470      0    -999      *   4  2  0  1  2  0  0
2025 06 21  120     87      710      0    -999      *   1  0  0  0  0  0  0
2025 06 22  125     80      630      0    -999      *   7  0  0  2  0  0  0
2025 06 23  122    105      470      3    -999      *   7  0  0  2  0  0  0
2025 06 24  120     87      305      0    -999      *   7  0  0  2  0  0  0
2025 06 25  117     90      320      1    -999      *   4  0  0  7  0  0  0
2025 06 26  117     91      340      0    -999      *   3  0  0  6  0  0  0
2025 06 27  118    111      340      3    -999      *   3  0  0  3  0  0  0
2025 06 28  122    103      380      1    -999      *   2  0  0  0  1  0  0
2025 06 29  128    151      380      2    -999      *   2  0  0  0  0  0  0
2025 06 30  128    158      330      2    -999      *   7  0  0  1  0  0  0
