DST1907*01  X220   0   1  -3  -3  -2  -4  -9 -16 -15 -12 -10  -9  -9 -12 -14 -13 -15 -14 -12  -9  -8 -13 -17 -19 -16 -11
DST1907*02  X220   0 -14  -9  -7  -6  -8 -11 -12 -11 -13 -10  -7  -5  -8 -12 -12 -13 -16 -16 -13  -8  -6  -4  -1   4  -9
DST1907*03  X220   0   9  10   9   6   4   1  -3  -7 -10  -7   1   1   4   4   5   5   6   0  -3  -3  -5  -7 -11 -13   0
DST1907*04  X220   0 -12  -9  -6  -3  -4  -5  -5  -2  -1   0   1   1   3   1  -2  -4  -5  -7  -3   3   1   1   0   2  -2
DST1907*05  X220   0   7  11   9   7   7   6   4   3   1   1  -2   0   0  -4  -3   0  -1   0   2   1   2   3   1  -2   2
DST1907*06  X220   0  -1  -1   4   4   1  -2  -1   3   6   6   5   3   2   2   1   3   2   3   4   6   9  11  11  10   4
DST1907*07  X220   0  10  11  11  10  10   7   7   5   1   0  -2  -4  -5  -3  -2   0   2   0  -2  -1   3   3   0  -3   2
DST1907*08  X220   0  -4  -6  -9  -8 -10 -12 -12 -11 -10 -10 -11 -12 -11 -11 -11 -11  -9  -5  -4  14  36  38  39  31  -1
DST1907*09  X220   0  19   9   1  -6 -13 -16 -14  -9 -11 -11 -12  -4  -1  -2  -3   1   0   2   8   0 -16 -11  -8  -5  -4
DST1907*10  X220   0  -1  -1  -2  -5 -17 -31 -29 -26 -24 -31 -32 -31 -24 -26 -24 -24 -21 -18 -15 -10  -7 -10 -15 -18 -18
DST1907*11  X220   0 -21 -19 -14 -11 -13 -17 -16 -16 -22 -22 -20 -20 -24 -25 -25 -24 -25 -23 -23 -20 -19 -15 -14 -16 -19
DST1907*12  X220   0 -14 -15 -15 -15 -16 -18 -21 -20 -23 -25 -21 -21 -23 -21 -19 -18 -18 -18 -17 -13  -8  -3   1   3 -16
DST1907*13  X220   0   4   5   2  -3  -6  -4  -4  -4  -6 -12 -12 -11 -12 -16 -16 -15 -17 -18 -15 -13  -8  -2  -2  -2  -8
DST1907*14  X220   0  -1  -1  -2  -6 -11  -8  -7  -7  -4  -4  -5  -4  -7  -6  -5  -6  -5  -3  -3   0   0  -2   1   1  -4
DST1907*15  X220   0   1   4   1  -5  -6  -2  -2  -3  -1   2  -2  -9  -5  -4  -6  -8 -11 -14 -11  -9  -7  -6  -6  -8  -5
DST1907*16  X220   0  -6  -2  -5  -8 -11 -11 -11 -12 -10  -8  -7  -6  -7  -6  -5  -4  -3  -2   1   1   2  -1  -3  -5  -5
DST1907*17  X220   0  -2   1  -3 -10 -14  -9  -1  -6  -6  -9 -11 -10  -9  -7  -6  -5  -4  -1  -1   0  -2  -2  -3  -6  -5
DST1907*18  X220   0  -5  -6  -4  -4  -7  -6  -4  -2   0  -1  -3  -5  -5   1   2   0  -5  -4   0   2   2   0  -3  -4  -3
DST1907*19  X220   0  -3  -4  -2  -1   0   0  -2  -3  -5  -7  -6  -6  -5  -5  -6  -5  -5  -5  -2  -1  -2  -1  -2  -3  -3
DST1907*20  X220   0  -4  -3  -3  -2   2   3   2   0  -1  -2   1   2   3   4   6   3   3   1  -3  -5  -4  -3  -1  -1   0
DST1907*21  X220   0   1   4   3   0   1   3   3   5   5   2  -1  -3  -4  -2   0   3   1   0   2  11   7   0   4  15   3
DST1907*22  X220   0  19  19  16  14  11   5  -1  -1  -8 -14 -14  -9 -12 -10  -3  -3  -5  -7 -12 -15 -19 -16 -15 -14  -4
DST1907*23  X220   0 -14 -13 -13 -11 -10  -4   0   2   3   3   2  10  13   0  -3  -5  -5  -4  -4  -3  -2  -4  -5  -7  -3
DST1907*24  X220   0  -7  -5  -3  -6  -3  -4  -2  -1  -2  -2   1   4   5   9   9   5   4   3   1  -6  -8  -6  -5  -2  -1
DST1907*25  X220   0  -2  -1  -3  -6  -6  -5  -4  -5  -5  -4  -3  -3  -3  -5  -5  -4  -2  -1   0  -2  -3  -3  -2  -2  -3
DST1907*26  X220   0  -1   0  -2  -3  -4  -1   1   1   3   2   3   5   6   7   6   6   6   5   4   4   2  -1   0   2   2
DST1907*27  X220   0  -1  -5  -8 -10  -6  -2   1   3   2  11  10  13  14  12  11  11  11  12   5  -1  -2  -4  -3  -5   3
DST1907*28  X220   0  -5  -3   0  -3  -7  -4   0   2   1  -1  -3  -3   2   8  12  17  15   7  -1  -4  -4  -1   0   1   1
DST1907*29  X220   0   0  -4 -11 -12 -11  -4  -1  -3  -2  -1   0   0  -2  -4  -5  -6  -6  -5  -5  -5  -6  -4   0  -1  -4
DST1907*30  X220   0  -1   0  -2  -6  -8  -6  -5  -3   0   5   8   7   8   6  10  10   2   2  -4  -7  -6  -3  10   8   1
DST1907*31  X220   0   3   1  -2  -6  -6  -4   1  -1  -4  -1   4   3   2   3   3   6   8   9   9   6   4   3   5   5   2

