DST2006*01  X220   0 -14 -15 -15 -12  -9  -8  -7  -7  -7  -6  -3  -3  -4  -5  -5  -4  -3  -1   0  -2  -6  -8  -7  -9  -7
DST2006*02  X220   0 -15 -18 -20 -23 -25 -25 -24 -23 -23 -25 -23 -18 -15 -12 -12 -12 -13 -15 -16 -19 -20 -15 -14 -12 -18
DST2006*03  X220   0 -10  -7  -7  -9 -11 -10  -9  -9 -10 -11 -11 -10  -8  -8  -9  -9 -11 -14 -15 -15 -12  -9  -9  -8 -10
DST2006*04  X220   0  -7 -10 -13 -12  -9  -7  -7  -5  -1   3   6   5   4   4   6   9   7   1  -3  -3  -1  -2  -4  -5  -2
DST2006*05  X220   0  -5  -3  -2   0   0   2   2   3   2   1   3   4   2  -1  -2  -3  -5  -7  -7  -3  -1   1   2   2  -1
DST2006*06  X220   0   0   0   0   1   2   3   2   3   3   3   3   2   4   4   6   7   4   1  -1   0   4   6   6   4   3
DST2006*07  X220   0   5   6   6   5   4   4   3   2   7   7   8  10  13  16  19  22  26  17  17   8  -6  -3  -1  -1   8
DST2006*08  X220   0   0  -4  -7  -8  -8  -7  -8  -9 -10 -12 -13 -14 -15 -13  -8  -5  -6  -6  -5  -7  -4  -5  -8  -9  -8
DST2006*09  X220   0  -7  -4  -1   1   2   1   2   3   2   2   0   0  -2  -4  -1   1   6   8   9   2   0  -3  -7  -6   0
DST2006*10  X220   0  -3  -2  -1  -1  -1   0 -14 -19 -16 -15 -11  -9  -8 -10 -12 -11 -11 -10 -10  -8  -6  -5  -5  -5  -8
DST2006*11  X220   0  -5  -6  -8  -8  -8  -7  -7  -8 -10 -12 -11  -8  -4  -5  -6  -5  -6  -5  -6  -7  -7  -5  -4  -3  -7
DST2006*12  X220   0  -4  -6  -4  -1  -1  -4  -6  -3  -4  -4  -2  -2  -3  -3  -2   1   0  -2  -3  -2  -1  -1  -3  -5  -3
DST2006*13  X220   0  -6  -5  -3  -2  -3  -4  -3  -2   0   0  -1  -1  -1  -1  -2   0  -4  -5  -3  -1   2   3   3   3  -2
DST2006*14  X220   0   0  -3  -4  -3   1   1   3   2   0  -2  -2   0   0   0   2   4   8  13  15  14  14  13   7   4   4
DST2006*15  X220   0   1   0   1   4   5   2  -1  -1  -3  -2  -3  -2  -4  -5  -6  -6  -6  -5  -5  -5  -3  -1   1   2  -2
DST2006*16  X220   0   3   2   2   5   8   9  11  10   9   9   3   0  -1  -2  -1   0  -2  -7 -10  -9  -5  -3   2   4   2
DST2006*17  X220   0   3   3   7   9   9   9   8   7   2   3   5   6   4  -1   2   2   1   2   4   5   5   5   4   3   4
DST2006*18  X220   0   2   0   0   1   3   1   5   8   6   5   1  -3  -6  -8  -5  -3  -3  -2  -2  -1   1   2   1   3   0
DST2006*19  X220   0   2   4   3   3   3   4   4   5   8   9  10   8   9   9   9   9   6   5   5   5   5   0  -4  -3   5
DST2006*20  X220   0  -1   3  13  17  13   4  -5  -8  -9  -9  -2   2   5   5   3   2   1   1   0  -1  -1   0   0   0   1
DST2006*21  X220   0  -3  -5  -6  -6  -4  -2  -1  -2  -2  -1  -1   0  -2  -2  -1   0   0   1   0  -2  -4  -7  -7  -7  -3
DST2006*22  X220   0  -5  -1   2   2   0  -2   0  -1  -2  -2  -3  -2  -1  -1  -2  -3  -4  -2  -2  -1   1   0   2   5  -1
DST2006*23  X220   0   4   2   4   6   6   5   6   6   8  11  12  10  10   8   6   5   4   4   5   6   9   7   1  -2   6
DST2006*24  X220   0  -5  -6  -2  -1  -2  -5  -8  -5   1   4   3   3   5   6   2   3   3   2   3   4   3   1   2   3   1
DST2006*25  X220   0   3   6   8   8   9   9   5   4   5   5   5   5   4   5   7   6   4   5   5   4   1   0   2   5   5
DST2006*26  X220   0   5   2   1   0  -3  -3  -2  -3  -2  -2  -1  -1   1   2   3   3   3   3   1  -2  -3   0  -4  -8   0
DST2006*27  X220   0 -12 -10  -5  -2  -4  -5   2   6   8   7   0  -8  -2   2  -4  -9  -7  -8  -8  -6  -4  -5  -7  -8  -4
DST2006*28  X220   0 -12 -14 -16 -17 -16 -11 -10  -8  -6  -5  -7  -9  -8  -7  -6  -7  -8  -7  -4  -3  -2  -4  -6  -5  -8
DST2006*29  X220   0  -2   0  -2  -8  -8  -5  -2   0   4   5   4   1   1   1  -2  -3  -1   0   0  -1  -1   0   5   1  -1
DST2006*30  X220   0  -1  -2   3   3  -3  -6  -8  -3   2   3   1  -3  -4  -8  -8  -7  -4  -1   0   1   1  -1  -3   0  -2

