DST1802*01  X220   0  -1  -2  -3  -3  -1  -1  -4  -9 -12 -14 -12  -8  -1   1   1   2   0  -2  -3  -4  -3  -7  -8  -7  -4
DST1802*02  X220   0  -6  -7  -9 -10  -8  -5  -5  -9 -14 -15 -15 -11  -6  -1   1   0   0  -1   1   5   6   9  13  12  -3
DST1802*03  X220   0  11   9   5   7   7  10   9   3  -3  -6  -5  -3   0   5   6   5   5   6   9   8  11  14  12   8   6
DST1802*04  X220   0   7   7   7   6   9  13  14  10   5   1   2   6  11  14  14  15  18  15  10   8   8  11  13  10  10
DST1802*05  X220   0   9   6   0   0   3   8   8   0  -8 -16 -15  -8  -7  -4  -9  -7  -6  -1   1  -3  -3  -3  -1   0  -2
DST1802*06  X220   0   1   1   4   1   0   1   1   0  -3  -2   0  -8  -4  -2   0   0   0   1  -1  -1  -1  -1   4   4   0
DST1802*07  X220   0   1  -1  -4  -6  -5  -3  -3  -2   2   6   6   3  -2  -4  -1  -1  -1   0   0   0   1   2   4   4   0
DST1802*08  X220   0   4   2   2   3   4   6   8   7   5   0   1   4   6   7   8   6   7   6   6   7   6   5   9   9   5
DST1802*09  X220   0   8   7   6   4   1   0   1   1   1  -1  -3  -7  -6  -4  -1   1   3   4   4   4   5   8   9   9   2
DST1802*10  X220   0   9  13  14  16  16  13  11  11   6   2  -6  -9 -10  -9  -2   1  -1  -3  -2  -7  -7  -5  -4  -4   2
DST1802*11  X220   0  -6  -7  -3   0   1   2   1  -1  -3  -1   1  -1  -1   1  -1  -2   1   3   1   0   2   4   5   6   0
DST1802*12  X220   0   7   8   7  12  13  12   8   6   7   7   6  10  12  13  11  11  10  11  10   8  11  14  17  17  10
DST1802*13  X220   0  18  16  14  11  11  12  13  10  12   9   7   6   7   7   5   2   4   4   3   2   2   1  -1  -4   7
DST1802*14  X220   0  -7  -2  -1   0  -2  -4  -2   1   1  -2  -3  -2  -1   1   2   3   4   4   4   3   1  -2  -2  -3   0
DST1802*15  X220   0   2   7   8   6   3   2   1   1   5  10   6   6   6   6   3  -8 -17 -14 -14 -12 -14 -11  -9  -8  -1
DST1802*16  X220   0  -1   6   9   8   4  10   1  -6  -5 -15 -17 -18 -15 -11  -8  -5  -3  -3  -4  -5  -2  -1  -4  -5  -4
DST1802*17  X220   0  -2   1  -3  -4  -6 -18 -18 -19 -25 -26 -25 -23 -25 -21 -18 -12 -14 -12 -12  -9  -8  -6  -2  -1 -13
DST1802*18  X220   0   2   0   3   5   3   1 -10 -15 -14 -16 -26 -22 -14 -14 -14 -12 -15 -14 -13 -13 -11 -10 -11  -5 -10
DST1802*19  X220   0  -3  -4  -9  -5 -13 -16 -13 -16 -21 -26 -26 -23 -22 -14 -13 -17 -17 -20 -19 -13 -16 -17 -13 -13 -15
DST1802*20  X220   0 -14 -10  -7  -6  -8 -10 -14 -21 -25 -28 -26 -25 -22 -16 -11  -9  -8  -8  -9  -7  -9 -13 -14 -16 -14
DST1802*21  X220   0 -15 -11  -9  -9  -9  -4   2   4  -2 -12 -16 -15 -13 -12 -10  -9  -7  -7  -3   0   1   1   0  -3  -7
DST1802*22  X220   0  -6  -6  -5  -5  -4  -1   0  -3  -6  -9 -14 -12 -11  -6  -2  -2  -1  -5  -5  -9  -6  -9  -8 -11  -6
DST1802*23  X220   0 -10  -9  -8 -12 -16  -8 -11 -15 -12 -27 -32 -38 -26 -19 -15 -18 -14 -15 -16 -14  -8 -11  -7  -5 -15
DST1802*24  X220   0 -10 -14 -14 -16 -17 -17 -18 -22 -29 -24 -20 -16 -14 -12 -12 -14 -14 -13 -12 -14 -14 -14 -13 -12 -16
DST1802*25  X220   0 -10  -9  -6  -6  -6  -7  -4  -2  -6  -8  -8  -7  -6  -5  -6  -5  -7  -9  -9 -11 -13 -12  -6  -2  -7
DST1802*26  X220   0  -2  -2   2   1   0  -4  -9 -11  -9 -13 -16 -14 -15 -17 -21 -16 -13 -13 -11  -9 -10 -10  -3  -2  -9
DST1802*27  X220   0   3   1  -1  -4 -26 -22 -15 -16 -20 -17 -14 -15 -29 -31 -31 -30 -27 -27 -26 -24 -23 -20 -16 -10 -18
DST1802*28  X220   0  -8  -3   0  -1  -7 -10 -14 -17 -17 -16 -18 -15 -15 -15 -13 -13 -16 -18 -17 -16 -15 -17 -14  -8 -13

