DST2007*01  X220   0   1   1  -4  -9  -9  -8  -7  -3  -2  -2  -3  -6  -6  -4  -2  -2  -1   3   7   7   1  -5  -4  -1  -2
DST2007*02  X220   0  -3  -3  -3  -2  -3  -2   0   5   8   9   5   3   1   1   2   3   4   5   4   2   1   1   2   4   2
DST2007*03  X220   0   6   6   3   1  -1   0   2   8  14   9   4   4   4   5   4   3   0   1   5   3  -2   0   1   1   3
DST2007*04  X220   0   2   1  -1  -4  -2  -1   3   8  11  13  10   7   8  16  23  23  18  20  22  15   4  -8  -8  -9   7
DST2007*05  X220   0 -12  -7  -3  -1  -4  -7  -7  -7  -8  -5  -9 -14 -14 -13 -12 -11 -13 -12 -11  -9  -6  -3 -10  -5  -8
DST2007*06  X220   0  -4  -4  -9 -10 -11  -7  -6  -8  -6  -6  -7  -7  -5  -4  -5  -7  -8  -5  -4  -4  -3  -3  -4  -5  -6
DST2007*07  X220   0  -3  -4  -2  -2  -8 -10 -11  -6  -4  -1   0  -6 -10 -11  -9  -6  -3   1   1   1   1   2   0  -3  -4
DST2007*08  X220   0  -2  -3  -3  -5  -7  -5  -2   0   1   0   1   2   1   0   0   2   3   5   2   0   3   4   0  -1   0
DST2007*09  X220   0  -2  -2   1   5   5   3   3   2   4   6   6   4   3   1   0   1   1   3   2   1  -3  -6  -6  -6   1
DST2007*10  X220   0  -5  -4  -5  -5  -2  -1  -2   1   1   2   0   2   3   1   0   0  -1  -3   0  -2  -1  -2   0  -3  -1
DST2007*11  X220   0  -5  -6  -3  -1  -1  -3  -2  -1  -1  -1  -1  -1  -4  -5  -5  -4  -3  -3  -4  -5  -4  -3   0   0  -3
DST2007*12  X220   0   0  -2  -2   0   3   3   4   5   5   6   5   5   8   8   8   8   5   6   7   8  11  11  12  15   6
DST2007*13  X220   0  15  16  12   5   5   9  13  18  17  13   6   3   1  -1   2   3   5   7  11  12  11   5  -4 -21   7
DST2007*14  X220   0 -27 -28 -34 -43 -45 -44 -41 -31 -27 -24 -23 -25 -29 -28 -27 -25 -24 -22 -17 -13 -13 -11 -10 -13 -26
DST2007*15  X220   0 -15 -13 -13 -16 -17 -18 -19 -17 -10  -8  -9 -12 -11  -7  -9 -12 -14 -12  -9 -10 -13 -16 -19 -21 -13
DST2007*16  X220   0 -18 -13  -9  -8  -9  -7  -6  -3  -2   0  -3  -8 -10 -12 -11 -10  -9  -6  -2  -2  -3  -5  -5  -6  -7
DST2007*17  X220   0  -7  -9 -12 -12 -12 -12 -10  -8  -5  -7 -11 -11 -11  -6  -3  -2  -5  -4   2   0  -2  -1  -2  -3  -6
DST2007*18  X220   0  -4  -8  -8  -9  -9  -8  -7  -6  -1  -1  -3  -6  -5  -4  -1  -1  -1   0   1   0   0  -5  -8  -6  -4
DST2007*19  X220   0  -2   0  -3  -6  -5  -3  -2   0   0   0   2   3   2   4   6   8   8   8   5   4   2   1  -1   0   1
DST2007*20  X220   0  -3  -2  -5  -6  -7  -7  -5  -5  -1   3   1   0  -1   1   4   7   9  10   8   5   1  -4  -8  -6   0
DST2007*21  X220   0  -3   0   0  -1  -1  -2  -2   0   3   2   1   0   0   0   1   2   0   2   3   1  -1  -4  -7  -5   0
DST2007*22  X220   0  -2  -1  -2  -4  -3  -1   2   3   5   3  -1  -5  -5  -1   1   5   6   4   6   6   6   5   4   3   1
DST2007*23  X220   0   1   2   1   2   3   4   5   7   5   6  10  10   6   8  10   9   9  11  11   8   7   3   2   3   6
DST2007*24  X220   0   8   9  11  13   7   0  -8 -16 -20 -25 -20 -14 -14 -16 -19 -25 -23 -22 -23 -27 -34 -33 -33 -43 -15
DST2007*25  X220   0 -50 -49 -41 -37 -34 -31 -27 -27 -25 -19 -15 -16 -14 -10 -10  -7  -8  -5  -6  -7  -7  -7  -7  -6 -19
DST2007*26  X220   0  -5  -6 -11 -15 -17 -16 -13 -12 -12 -12 -11 -10 -10  -7  -6  -7  -9  -9  -9  -8  -9 -11 -12 -11 -10
DST2007*27  X220   0 -12 -13 -15 -16 -12  -7  -7  -5  -4  -4  -5  -4  -2   0   1   2   2   2   4   6   5   3   2  -1  -3
DST2007*28  X220   0  -7 -12 -12 -11  -9  -7  -3  -2  -1  -2  -1  -3  -3  -1   1  -1  -2  -5  -5  -3  -2  -3  -4  -4  -4
DST2007*29  X220   0  -4  -6 -10  -8  -5  -2  -2  -1   1   1   1   1  -3  -4  -1   2   0   2   8   3   3   0  -1   0  -1
DST2007*30  X220   0  -2   0   2   4   5   5   2  -5  -9  -7  -6  -6  -6  -8  -8  -2  -6  -5  -4  -2  -2  -4  -5  -7  -3
DST2007*31  X220   0  -8  -8  -5  -1   1   1   3   4   6   3   2   3   1   0   0   0  -1  -1  -1   0   2   3   2  -1   0

