DST1703*01  X220   0  -1  -2   1   2   8   4   6  13  10   4 -12  -8 -17 -18 -21 -39 -45 -36 -32 -34 -47 -62 -57 -51 -18
DST1703*02  X220   0 -52 -54 -49 -38 -35 -39 -41 -43 -41 -36 -38 -42 -42 -39 -40 -40 -40 -39 -37 -36 -38 -35 -28 -25 -39
DST1703*03  X220   0 -30 -36 -34 -27 -26 -29 -33 -35 -37 -37 -46 -39 -33 -34 -36 -37 -42 -44 -35 -28 -23 -19 -18 -19 -32
DST1703*04  X220   0 -21 -25 -29 -26 -32 -39 -37 -31 -31 -31 -27 -26 -22 -25 -29 -32 -32 -32 -29 -23 -22 -27 -32 -32 -29
DST1703*05  X220   0 -29 -26 -23 -20 -19 -21 -27 -24 -17 -15 -16 -19 -18 -21 -23 -24 -24 -28 -30 -26 -23 -25 -28 -28 -23
DST1703*06  X220   0 -28 -29 -26 -25 -21 -18 -17 -15 -19 -26 -26 -28 -32 -33 -35 -34 -36 -34 -31 -28 -27 -28 -29 -26 -27
DST1703*07  X220   0 -25 -25 -25 -26 -27 -26 -20 -17 -22 -28 -25 -21 -22 -23 -25 -26 -27 -28 -23 -29 -32 -29 -26 -19 -25
DST1703*08  X220   0 -25 -28 -27 -23 -21 -22 -20 -16 -14 -17 -13 -13 -14 -17 -17 -17 -16 -14 -17 -25 -22 -22 -22 -26 -20
DST1703*09  X220   0 -24 -28 -25 -25 -27 -25 -22 -20 -19 -21 -22 -21 -21 -26 -31 -36 -36 -36 -29 -24 -20 -20 -16 -15 -25
DST1703*10  X220   0 -16 -16 -19 -25 -27 -21 -20 -21 -27 -30 -19 -23 -24 -26 -27 -28 -27 -26 -24 -20 -18 -18 -17 -19 -22
DST1703*11  X220   0 -22 -23 -20 -16 -14 -12 -13 -15 -13 -14 -12  -9 -11 -13 -16 -19 -21 -21 -22 -22 -24 -21 -16 -18 -17
DST1703*12  X220   0 -19 -23 -23 -22 -22 -23 -22 -21 -22 -23 -19 -17 -19 -19 -23 -25 -24 -22 -21 -21 -21 -19 -17 -15 -21
DST1703*13  X220   0 -15 -15 -13 -10  -8  -6  -6  -5  -6  -6  -4  -4  -4  -1  -2  -3  -3  -5  -5  -6  -5  -4  -4  -5  -6
DST1703*14  X220   0  -5  -6  -9  -8 -10 -10  -8  -7  -8  -8  -8  -7  -5  -8 -11 -11 -10  -9 -10  -4  -9  -8  -7  -1  -8
DST1703*15  X220   0  -4  -5  -5  -3  -4  -8  -7  -5  -3  -1   6  13   9   3  -1   0   7   3   2   5   0   3   4   0   0
DST1703*16  X220   0  -6 -13 -18 -19 -16 -12  -9  -6  -8 -10 -10  -7  -8 -11 -11  -9  -6  -6  -6  -4  -8  -8 -12 -11 -10
DST1703*17  X220   0  -5  -5  -4  -4  -5  -3   0   1   3   4   4   3   1  -1  -2  -2  -1   0   0   2   0  -2  -4  -6  -1
DST1703*18  X220   0  -5  -5  -3  -1  -2  -2  -1   2   4   2   0   0  -1  -1  -1   1   3   4   4   4   1   1   4   4   1
DST1703*19  X220   0   2   2   5   5   5   2   0   0   2   3   4   5   7   5   3   2   0   0   0   1   1   3   0  -2   2
DST1703*20  X220   0  -3  -4  -5  -3  -1  -1   0   2   1  -2  -2  -1   1   3   5   4   2   1   2   2   3   4   3   8   1
DST1703*21  X220   0  10  15  19  20  12  16  19  -1  -4   4  11   6   4  -1  -9 -15 -23 -19 -24 -14 -18 -16  -9 -14  -1
DST1703*22  X220   0 -13 -16 -15 -14 -15 -24 -18 -15 -20 -18 -25 -29 -22 -16 -18 -16 -19 -18 -18 -15 -14 -12 -20 -32 -18
DST1703*23  X220   0 -32 -31 -34 -38 -35 -32 -26 -22 -19 -18 -13  -7  -4  -4  -6  -5  -9 -12  -5   2   4   5   3   3 -14
DST1703*24  X220   0   5   7   3  -1  -4  -6  -4  -7  -7  -6  -5  -3  -1  -1  -3   0  -2  -3  -3  -4  -5  -6  -9 -10  -3
DST1703*25  X220   0  -9  -7  -4  -4  -6  -8  -5  -4  -5  -8  -9  -4  -1  -1  -1  -3  -6  -7  -6  -3  -2  -4 -11 -12  -5
DST1703*26  X220   0 -12  -9  -7  -6  -5  -6  -7  -4  -3  -2  -1   2   3   2   1   2   1   1   0   4   8  13  11   9   0
DST1703*27  X220   0  11   9   5   3  -2 -17 -39 -29 -23 -39 -65 -51 -45 -63 -70 -69 -71 -58 -48 -45 -33 -37 -32 -30 -35
DST1703*28  X220   0 -39 -54 -49 -60 -53 -49 -41 -35 -36 -43 -32 -30 -28 -31 -25 -29 -32 -30 -28 -32 -33 -32 -30 -32 -37
DST1703*29  X220   0 -39 -38 -41 -38 -37 -34 -41 -39 -41 -34 -38 -29 -23 -23 -30 -32 -31 -30 -30 -26 -26 -31 -34 -32 -33
DST1703*30  X220   0 -31 -35 -33 -34 -37 -42 -33 -26 -26 -28 -26 -22 -22 -20 -20 -22 -18 -20 -21 -27 -23 -29 -37 -37 -28
DST1703*31  X220   0 -32 -33 -40 -45 -46 -40 -51 -35 -39 -36 -30 -30 -28 -29 -27 -30 -30 -32 -26 -22 -27 -23 -24 -24 -32

