DST1904*01  X220   0  -8  -9 -10  -7  -7  -9 -13 -19 -23 -28 -29 -18 -14 -13 -17 -20 -19 -17 -15 -14 -15 -16 -15 -12 -15
DST1904*02  X220   0  -9 -10 -10  -9  -8 -10 -11 -12  -9  -8  -8  -8  -6 -12 -15 -16 -16 -16 -14 -13 -19 -17 -11  -7 -11
DST1904*03  X220   0  -9 -12 -13 -16 -17 -20 -18 -18 -18 -21 -26 -29 -21 -17 -15 -15 -22 -24 -24 -18 -16 -23 -30 -25 -19
DST1904*04  X220   0 -20 -20 -23 -22 -22 -22 -16 -14 -10 -12 -20 -32 -29 -25 -20 -21 -31 -35 -31 -28 -23 -22 -22 -21 -23
DST1904*05  X220   0 -20 -16 -15 -17 -17 -19 -21 -20 -20 -19 -15 -13 -12 -14 -18 -20 -19 -16 -17 -18 -19 -20 -18 -17 -18
DST1904*06  X220   0 -14 -11 -10 -14 -13 -13 -13 -15 -18 -12 -12  -9  -7  -7  -7  -8 -11 -10 -12 -16 -16 -19 -18 -17 -13
DST1904*07  X220   0 -15 -13 -11 -10 -13 -17 -18 -17 -14 -13 -15 -15 -14 -10  -9  -8  -7  -5  -6  -8 -10 -11 -11 -16 -12
DST1904*08  X220   0 -19 -16  -9  -5  -9 -22 -20 -12  -7  -9 -10  -7  -5 -11 -11 -11 -15 -19 -19 -22 -26 -28 -24 -23 -15
DST1904*09  X220   0 -22 -22 -21 -18 -15 -15 -16 -15 -18 -18 -18 -12 -10 -10  -9  -9 -11 -13  -8  -5  -5  -5  -4  -2 -13
DST1904*10  X220   0 -11 -20 -25 -33 -34 -34 -26 -22 -19 -17 -15 -14 -13 -11 -16 -20 -20 -21 -20 -19 -16 -16 -14 -15 -20
DST1904*11  X220   0 -15 -15 -15 -16 -15 -13 -12 -12 -14 -16 -14 -13 -10 -11 -11 -12 -11  -7  -5  -2  -3  -6  -6  -1 -11
DST1904*12  X220   0  -2 -10 -12 -13 -14 -16 -17 -19 -22 -21 -21 -17 -17 -20 -22 -18 -14 -14 -18 -12  -9 -10  -9  -6 -15
DST1904*13  X220   0  -8  -7  -9 -14 -17 -17 -15  -9  -6  -3  -5  -7  -8  -7  -6  -8  -9  -9  -7  -7  -6  -4  -3   0  -8
DST1904*14  X220   0  -2  -5  -9 -11 -11  -8  -5  -7  -7  -2  -2   1   1   0  -2  -5  -6  -5  -6  -6  -5  -4  -3  -3  -5
DST1904*15  X220   0  -4  -5  -8  -9  -7  -7  -6   1   1  -5  -4   1   5   8   7   4   0  -7  -9 -10 -15 -20 -17 -13  -5
DST1904*16  X220   0  -8  -8 -10 -14 -11  -8 -11 -15 -12  -7  -4  -7  -7  -9 -10 -12 -11 -10 -10 -10 -11  -9  -6  -5  -9
DST1904*17  X220   0  -4  -5  -6  -7  -7  -6  -4  -3  -2  -2   0   1   0  -1  -2  -2  -3  -7 -10 -11 -10  -6  -2   0  -4
DST1904*18  X220   0  -1  -4  -4  -3  -2  -1   1   2   2   3   1  -2  -3  -4  -5  -3  -1  -3  -2  -1   2   5   7   7   0
DST1904*19  X220   0   6   5   4   5   5   1   1   2   1   1   5   4  -4  -8  -9  -5  -2  -1  -2   2   5   5   5   4   1
DST1904*20  X220   0   4   5   7   8   4   1  -1  -2  -2   0   1   2   5  10  10   8   8   5   4   2  -2  -3  -5  -3   3
DST1904*21  X220   0  -2  -3  -5  -8  -7  -5  -3  -2  -4  -6  -9  -9  -7  -6  -3  -2  -1   0   1   2   2   2   2   0  -3
DST1904*22  X220   0   0   1   1   0   0   0   0  -3  -1   0   2   4   4   2   0  -1   0   2   5   6   4   4   3   3   2
DST1904*23  X220   0   3   0   0  -1   0   4   6   7   6   4   5   3  -1  -5  -8  -7  -2   4  10   6 -11  -9  -4  -7   0
DST1904*24  X220   0  -9 -10 -11 -17 -18 -14 -10  -6  -4   0  -2  -3  -7  -8  -8  -7  -6  -7  -8  -9  -8  -9  -7  -3  -8
DST1904*25  X220   0   0   2  -4  -7  -2  -4  -6  -3  -1   0   1   2  -5  -4  -4  -3  -2  -3  -4  -4  -4  -5  -4  -3  -3
DST1904*26  X220   0  -3  -3  -2  -4  -5  -3  -2  -2  -1  -2  -1  -1  -3  -5  -7  -8  -6  -5  -4  -4  -7  -8  -8  -5  -4
DST1904*27  X220   0  -8  -9 -12 -13 -14 -12  -7  -4 -10 -12 -13 -10  -4  -7 -12 -14 -12 -12 -11 -12 -13 -13 -10  -5 -10
DST1904*28  X220   0  -3  -2  -3  -6  -7  -6  -3   0   0   0   0   1  -2  -3  -3  -5  -6  -5  -4  -2  -8  -8  -4  -3  -3
DST1904*29  X220   0  -1   0  -2  -1   0   1   2   2   0   1   4   2   1  -3  -8 -12 -12 -11 -11 -12 -11  -9  -7  -5  -4
DST1904*30  X220   0  -7  -6  -8 -11 -11 -12  -8  -5  -2   0   2   1  -1  -3  -5  -7  -7  -6  -5  -7  -7  -4   2   8  -5

