DST1902*01  X220   0  -8  -4  -6 -18 -23 -27 -24 -31 -30 -23 -25 -20 -17 -20 -29 -35 -30 -31 -29 -25 -19 -19 -14 -14 -22
DST1902*02  X220   0 -13 -16 -15 -20 -22 -21 -18 -25 -32 -32 -28 -25 -23 -22 -24 -27 -23 -20 -23 -16 -18 -18 -11  -9 -21
DST1902*03  X220   0 -11 -16 -22 -22 -26 -28 -29 -29 -24 -22 -23 -20 -18 -18 -16 -15 -16 -18 -19 -18 -20 -24 -23 -20 -21
DST1902*04  X220   0 -16 -16 -17 -16 -16 -16 -15 -17 -19 -18 -15 -14 -16 -22 -28 -28 -28 -24 -23 -25 -20 -17 -20 -21 -19
DST1902*05  X220   0 -13  -7  -7 -13 -14 -12 -16 -16 -17 -16 -14 -12 -12 -12 -12 -10  -8  -9 -12 -15 -16 -15 -13  -9 -13
DST1902*06  X220   0  -4  -2  -4 -10 -10  -6  -4  -7 -13 -12 -14 -16 -25 -21 -15 -12  -9 -13 -16 -13 -17 -15 -14 -14 -12
DST1902*07  X220   0 -13 -13 -14 -15 -15 -14 -13 -12 -12 -13 -13 -11  -8  -8  -9  -8 -10 -10  -8  -7 -12 -20 -24 -22 -13
DST1902*08  X220   0 -16 -10 -12 -15 -15 -13 -13 -16 -17 -25 -22 -16 -12 -10 -10 -10 -12 -12 -11 -10 -13 -17 -17 -14 -14
DST1902*09  X220   0 -15 -13 -13 -11 -12 -10 -12 -12 -16 -20 -16 -10  -7  -6  -5  -6  -7 -11 -14 -13 -11  -9  -8  -7 -11
DST1902*10  X220   0  -3  -3  -5  -5  -4  -5  -7 -12 -14 -11  -9  -5  -5  -4  -5  -7  -8 -10 -11 -11 -11 -10 -12  -9  -8
DST1902*11  X220   0  -6  -4  -5  -6  -6  -8  -8  -6  -4  -5  -4  -8  -5  -3  -4 -12 -15 -15 -16 -13 -12 -10  -9  -9  -8
DST1902*12  X220   0  -5  -6  -9 -13 -13 -10  -6  -6  -8  -6  -4  -1  -1  -5  -8  -8 -10  -8  -9  -8  -9  -6 -10  -9  -7
DST1902*13  X220   0  -9  -6  -6  -8  -7  -4  -5 -10 -12 -13 -22 -22 -26 -25 -19 -16 -17 -16 -16  -9  -5  -5 -10 -11 -12
DST1902*14  X220   0 -11  -9 -11 -14 -13 -12 -10 -13 -14 -19 -14 -11  -8  -8  -8  -7  -8  -8  -8 -12 -12 -12  -7  -3 -11
DST1902*15  X220   0  -2  -3  -7 -10 -10 -10 -10 -11 -12  -9  -9  -9 -10  -9  -7  -7  -9  -9 -10  -9  -9  -8  -7  -6  -8
DST1902*16  X220   0  -4  -1  -1  -3  -5  -9 -10  -8  -8  -8  -7  -6  -7  -6  -8  -6  -7  -9 -11  -9  -6  -3  -2  -1  -6
DST1902*17  X220   0   3   4   0  -3  -5  -5  -6  -9 -11 -12  -9  -6  -5  -4  -4  -4  -5  -6  -6  -6  -6   0   4   4  -4
DST1902*18  X220   0   3   3  -1  -8 -10  -8  -8  -8  -9 -11 -10  -7  -6  -8 -11 -12 -10 -10 -10  -9 -10 -10  -7  -5  -8
DST1902*19  X220   0  -5  -5  -6  -7  -7  -7  -9 -11 -11 -10  -8  -8  -9  -8  -8  -7  -8  -8  -9  -8  -8  -8  -7  -6  -8
DST1902*20  X220   0  -4  -1   1   2   1  -1  -1   0   0  -1   0   2   4   5   7  11  11  14  15  13  11   3  -6  -7   3
DST1902*21  X220   0  -7  -8  -5  -4  -3  -2  -3  -6  -4  -4  -3  -3  -2  -2   1   3   0  -1  -1  -2  -2  -4 -13 -17  -4
DST1902*22  X220   0 -13  -7  -7 -10 -10 -10 -10 -11 -14 -16 -14 -12 -10  -6  -2  -1  -1   0  -1  -4  -5  -4  -5  -6  -7
DST1902*23  X220   0  -4   1   3   4   4   2  -1   0   0   0   0   1   3   5   5   2   0  -1  -2  -2  -2  -3  -2  -2   0
DST1902*24  X220   0  -3  -2   0   0   1   0  -1   1  -1  -1  -1   1   1   2   1  -1   1   2   2   3   1   2   0  -2   0
DST1902*25  X220   0  -3  -2  -2  -1   0   0  -2   2   5   5   6   6   5   6   6   5   5   4   4   5   4   3   2   1   3
DST1902*26  X220   0  -2  -2  -1  -1   0   0   1   2   0  -2  -1   0   0   1   3   0   0   3   4   4   3   2   0  -2   1
DST1902*27  X220   0  -2   0   2   2   2   1   2   7  12  14  19  20  15   8   7   3  -3 -15 -20 -17 -14 -13 -28 -27  -1
DST1902*28  X220   0 -17 -11 -18 -20 -16 -16 -20 -19 -17 -19 -17 -15 -16 -17 -19 -22 -22 -20 -29 -41 -40 -38 -34 -32 -22

