DST1901*01  X220   0  -8 -11  -9  -7  -4  -9 -12 -17 -22 -22 -20 -14 -15 -16 -13 -12 -10  -7  -7 -11 -12 -12 -12 -14 -12
DST1901*02  X220   0 -15 -15 -13 -12 -11  -9  -8  -6  -6  -5  -5  -7 -10 -14 -14 -12  -9  -7  -6  -4  -5  -4  -5  -7  -9
DST1901*03  X220   0  -8  -9 -10 -12 -13 -13 -13 -11  -7  -4  -1   1   0   1   3   4   1   1   0  -3  -5  -6  -3   1  -4
DST1901*04  X220   0   2   1   0  -4  -5  -4   2   3   3  -1  -5   4   8   0  -1   6   8  -1  -9 -11  -8  -9  -6  -1  -1
DST1901*05  X220   0 -18 -17 -15 -22 -20 -16 -12 -13 -16 -15 -10 -14 -16 -12  -9 -11 -17 -24 -22 -20 -17 -18 -18 -19 -16
DST1901*06  X220   0 -16 -15 -15 -17 -16 -11 -13 -15 -12 -12 -10  -8  -9 -13 -13 -12  -9  -9 -12 -18 -19 -15 -13 -13 -13
DST1901*07  X220   0 -10 -10 -10 -12 -10 -10 -12 -17 -19 -18 -14 -13  -9  -6  -5  -2  -4  -4  -4  -6  -5  -7  -7  -4  -9
DST1901*08  X220   0  -2  -4  -4  -2  -3  -4  -6  -5  -5  -6  -7  -6  -9  -4  -3  -3  -6  -4  -3  -3  -2  -2  -2  -5  -4
DST1901*09  X220   0  -4  -3  -5  -2  -1   1  -2  -1  -6  -3  -1   0   0   1  -1  -3  -6  -5  -4  -4  -4  -6  -6  -6  -3
DST1901*10  X220   0  -7  -9  -7  -6  -4  -4  -3  -1  -4  -2   3   7   5  -1  -2   2   3   6   3   2   1  -2  -4  -4  -1
DST1901*11  X220   0  -3   1   1  -3   2   4  -1  -5  -7  -6  -6  -7  -7  -7  -6  -6  -4  -4  -2  -1  -1  -2  -4  -8  -3
DST1901*12  X220   0 -11 -10 -13  -9  -5  -5  -5  -5  -5  -7 -10 -11  -8  -8  -7  -6  -5  -4  -2  -3  -5  -5  -5  -6  -7
DST1901*13  X220   0  -5  -6  -7  -8  -8  -3   2   5   6   4   1   0  -1  -2  -1   2   2   2   3   3   5   9  14  18   1
DST1901*14  X220   0   9  11  11  13  12  12  10   6   1   2   2  -2  -6  -7   1   5   5   2   3   3  11  13  10   8   6
DST1901*15  X220   0   3   2   0  -2  -3  -4  -3   2   8   7   5   0  -4  -5   0   1  -2  -4   0   4   3   4   2   1   1
DST1901*16  X220   0   1   1   1   2   2  -7 -12  -9  -5  -2  -4  -5  -6  -6  -5  -1  -2  -5  -6 -10 -19 -24 -23 -25  -7
DST1901*17  X220   0 -20 -15 -13 -14 -16 -14 -12  -7  -2   1   1  -5  -7 -11 -11 -13 -15 -17 -19 -16 -10 -11  -8 -10 -11
DST1901*18  X220   0 -11  -7  -6  -8  -6  -7  -6  -5  -5  -3  -8  -9  -9  -9 -10  -9  -9 -14 -15 -16 -13  -9  -3  -1  -8
DST1901*19  X220   0   1   1  -2  -6  -8  -6  -6  -5  -5  -4  -5  -7  -7  -7  -7  -7 -11 -15 -18 -16 -14 -12  -8  -6  -8
DST1901*20  X220   0   0   3   2  -2  -4  -3  -4  -5  -4  -3  -5  -7  -6  -6  -4  -3  -1  -4  -5  -4  -5  -8  -4   1  -3
DST1901*21  X220   0   7   8   7   2  -2  -3  -2  -2   0  -1   0  -1  -3  -5  -6  -2  -1  -1  -1   2   5   8  11  12   1
DST1901*22  X220   0  14  14  13  12  10   9   3  -1  -1   0  -1  -2  -2  -1   4   4   1   1  -2  -7  -9 -11  -7  -1   2
DST1901*23  X220   0   6   8   8   6   3   4  -4  -8  -1   0 -11 -12  -3  -5  -9  -6   1   3   7   8   6   0  -1  -5   0
DST1901*24  X220   0   6   7   8   1 -10 -17 -20 -17 -12 -10  -8  -5  -4  -4  -5  -1  -1  -6 -20 -21 -15 -12 -12  -6  -8
DST1901*25  X220   0  -3  -1  -6 -10 -15 -18 -18 -14 -15  -9 -10 -10 -14 -16 -17 -15 -11 -13 -15 -11  -9  -9  -7  -7 -11
DST1901*26  X220   0  -7  -7  -8 -10  -9  -5  -5  -5  -5  -3  -6  -7  -9 -12 -12 -11 -10 -11 -13 -13 -11 -10  -7  -4  -8
DST1901*27  X220   0  -3  -5  -9 -12 -11  -9  -7  -5  -4  -3  -5  -7  -7  -9  -9 -10 -11 -12 -13 -13  -9  -6  -6  -7  -8
DST1901*28  X220   0  -7  -6  -6  -6  -5  -4  -5  -5  -6  -5  -6  -6  -4  -1  -2  -3  -5  -6  -7  -5  -4  -4  -4  -6  -5
DST1901*29  X220   0  -4  -2  -1  -2  -2  -3   0   1   4   6   5   3   3   0  -4  -5  -5  -6  -6  -4  -2   0   2   2  -1
DST1901*30  X220   0   3   4   3   0  -2  -1   0   0  -2  -2  -2   2   4   3   3   6   5   6   5   4   3   5   6   6   2
DST1901*31  X220   0   9  14  24  24  23  18  10   9   9  10   8   2   0  -2  -6 -13 -14 -15  -5  -2   1 -10 -25 -19   2

