DST1702*01  X220   0 -17 -24 -24 -25 -22 -25 -27 -31 -32 -42 -39 -27 -16 -15 -13  -7 -11 -14 -15 -11 -15 -15 -29 -28 -22
DST1702*02  X220   0 -19 -19 -19 -22 -23 -25 -21 -22 -22 -19 -18 -24 -22 -18 -15 -13 -15 -23 -25 -25 -24 -23 -27 -24 -21
DST1702*03  X220   0 -20 -16 -18 -21 -24 -20 -21 -28 -34 -34 -31 -26 -23 -22 -21 -21 -25 -27 -24 -24 -19 -21 -21 -21 -23
DST1702*04  X220   0 -20 -16 -14 -12 -17 -22 -23 -24 -23 -20 -18 -15 -13 -15 -15 -14 -15 -20 -21 -19 -17 -15 -14 -21 -18
DST1702*05  X220   0 -26 -27 -26 -19 -13 -16 -14 -11 -10 -16 -14 -15 -22 -22 -17 -10 -13 -22 -24 -21 -18 -15 -12 -12 -17
DST1702*06  X220   0 -12 -18 -18 -17 -18 -15 -13 -13 -15 -15 -12 -12 -12 -10  -6  -9  -9 -17 -22 -23 -19 -14 -16 -19 -15
DST1702*07  X220   0 -22 -21 -18 -16 -17 -17 -14 -14 -13 -14 -14 -18 -18 -15 -15  -9  -7 -10 -14 -16 -13 -11  -9  -8 -14
DST1702*08  X220   0  -7  -6  -6  -6  -6  -5  -5  -5  -3   1  -4  -4  -3  -3  -5  -2  -1  -1   1  -3  -4  -4  -1   3  -3
DST1702*09  X220   0   4   5   6   4   0  -2  -4  -7  -3  -2  -4   0  -2   2   4   4   5  -1  -6  -6 -12 -14 -15 -10  -2
DST1702*10  X220   0  -5  -6  -9  -8  -8  -8 -10 -14 -10  -8  -5  -1  -1  -3  -9 -11  -8  -9 -11 -11  -8  -4  -6  -7  -8
DST1702*11  X220   0  -9 -10  -5  -4  -8 -11 -10 -12 -14 -13 -11 -11  -8  -6  -6  -6  -6  -7  -7  -6  -3  -1   1   2  -7
DST1702*12  X220   0   4   8   9   9   7   6   6   4   3   3   3   1   1   0   0   0  -2  -3  -1   0   0  -1  -2   1   2
DST1702*13  X220   0   1   3   2  -3  -4  -1  -1  -3  -2  -5  -7  -7  -4  -2   0   2   1   4   3   4   3   1  -1   0  -1
DST1702*14  X220   0   4   6   7   6   6   5   7   9   9   8   8   6   5   4   3   4   4   4   5   7   6   4   1  -2   5
DST1702*15  X220   0  -3  -2  -1   1   5   7  11   8   1  -1  -2  -2   1   4   4   4   3   2   1  -2  -2   0   4   6   2
DST1702*16  X220   0   8  12  15  14   9   2  -1   0  -2  -1   0  -1  -4  -4  -9 -10  -6   4   2  -4  -3   0   3   6   1
DST1702*17  X220   0   6   6   6   4  -5 -15 -21 -13 -17 -25 -23 -19 -20 -19 -22 -20 -19 -27 -25 -18 -13 -18 -13 -17 -14
DST1702*18  X220   0 -22 -23 -27 -26 -21 -23 -22 -20 -15 -13 -12 -13 -13 -18 -19 -16 -15 -14 -14  -9   1   4  -1 -12 -15
DST1702*19  X220   0 -14 -12 -12 -15 -17 -19 -18 -16 -13  -8  -7  -9 -11 -14 -15 -15 -13 -15 -17 -14 -12  -9  -6  -5 -13
DST1702*20  X220   0  -4  -3  -2  -5 -13 -19 -19 -18 -16 -13 -12 -11 -11 -12 -11 -10 -15 -15 -16 -11 -11  -7  -3  -3 -11
DST1702*21  X220   0  -4  -2  -1  -2  -6  -6  -3  -4  -2   1   1   0  -1  -5  -6  -6  -1   1   4   8  11  13  11   5   0
DST1702*22  X220   0  -1  -2  -3  -6 -12 -15 -14 -15 -18 -17 -10 -10  -9  -5  -7  -9 -13 -19 -16  -9  -6  -3  -2  -3  -9
DST1702*23  X220   0  -3  -6  -4   1  -1  -4  -3  -1  -1   2   9   8   9   9   7   4  -4 -14 -14 -11  -6  -3   0  -2  -1
DST1702*24  X220   0  -7 -12 -15 -10 -15 -23 -18 -16 -15 -16 -15 -14 -14 -15 -13 -15 -18 -17 -16 -12  -9  -6  -6 -11 -14
DST1702*25  X220   0 -17 -18 -18 -18 -16 -16 -17 -17 -13  -9  -7  -6  -7 -10 -10 -10 -10 -10 -12 -10  -7  -5  -6 -10 -12
DST1702*26  X220   0 -14 -14 -12 -10 -10 -10 -10  -8  -6  -5  -2   0  -1  -2  -2  -2  -3  -2  -2   0   2   4   5   3  -4
DST1702*27  X220   0   0  -2  -4  -7  -6  -4  -6  -7  -6  -3  -3   0  -2   1   1  -2  -1   1   0  -6 -12 -13 -13 -12  -4
DST1702*28  X220   0 -13 -14 -16 -17 -13 -11  -8  -6 -10 -14 -11 -13 -12 -13 -16 -18 -19 -20 -19 -15 -16 -11  -6  -5 -13

