DST2011*01  X220   0 -19 -16 -12 -10 -11 -14 -13 -15 -18 -21 -17 -12  -9 -11 -20 -25 -29 -35 -34 -36 -33 -30 -27 -24 -20
DST2011*02  X220   0 -20 -16 -16 -15 -16 -16 -18 -19 -16 -13 -12 -14 -11 -13 -15 -15 -15 -17 -19 -19 -20 -21 -21 -20 -17
DST2011*03  X220   0 -17 -14 -11  -9 -10 -10 -11 -12 -12 -11 -11 -11 -10  -9 -11 -12 -13 -14 -15 -15 -16 -16 -15 -13 -12
DST2011*04  X220   0 -12  -9  -8 -10 -11 -12 -11 -10 -11  -9  -8  -6  -6  -6  -5  -4  -4  -1  -3  -3  -2  -3  -4  -4  -7
DST2011*05  X220   0  -5  -6  -7  -5  -4  -3  -1  -2  -3  -2  -1  -1  -1   5   5   8   9  10   6   7   7   7   2  -1   1
DST2011*06  X220   0   2   3   2   3   6   2  -1  -3  -2  -3  -7  -5  -5  -6  -3  -7 -12 -13 -17 -11 -12 -13 -14 -12  -5
DST2011*07  X220   0 -10 -10  -8  -6  -4  -2  -4  -7  -9 -12 -14 -13 -11  -9  -8 -12 -12 -15 -15 -12 -15 -14 -17 -16 -11
DST2011*08  X220   0 -16 -15 -15 -13 -11 -11 -16 -15 -12 -11 -12 -12 -13 -12 -10 -10 -12 -12  -9  -6  -5  -5  -6  -8 -11
DST2011*09  X220   0 -10 -12 -11 -10  -8  -6  -5  -6  -7  -9  -8  -6  -7  -8  -8  -8  -8  -7  -6  -6  -6  -7  -7  -7  -8
DST2011*10  X220   0  -7  -6  -3  -2  -2  -2  -1   0   1   1   2   4   4   3   2   0  -2  -3  -4  -4  -2  -2  -3  -3  -1
DST2011*11  X220   0  -4  -5  -5  -4  -4  -5  -4  -3  -2  -3  -1   3   7  11  12   6   2   1   2   7   6   1  -9  -3   0
DST2011*12  X220   0  -6  -7  -8  -6  -4  -2   0  -5  -9 -11 -10  -4  -3  -1  -3  -4  -5  -5  -4  -3  -5  -5  -3  -3  -5
DST2011*13  X220   0  -6  -9 -12 -13 -14 -15 -16 -12  -8  -8  -9  -8  -8  -8  -8  -8 -10 -11 -10 -11 -10  -9  -6  -2 -10
DST2011*14  X220   0  -1  -3  -6  -5  -5  -5  -7  -7  -6  -3  -2   1   0  -2  -4  -4  -4  -4  -7  -8  -7  -4  -4  -7  -4
DST2011*15  X220   0 -10 -12 -11 -12 -10  -8  -6  -3  -1   0   0   0  -1  -2  -3  -6  -7  -7  -5  -3  -2  -3  -1   0  -5
DST2011*16  X220   0   1   0  -3  -2  -4  -4  -2  -2  -2  -2  -3  -5  -6  -7  -7  -5  -4  -4  -1   2   5   7   9  11  -1
DST2011*17  X220   0  10   6   3   1   1   2   3   4   7   3   1   2   0  -5  -8  -4  -2  -1  -1  -1   0   1   0  -2   1
DST2011*18  X220   0  -4  -4  -2  -1  -4  -7  -9 -10  -7  -4  -3  -3  -4  -4  -3  -2  -1  -2  -1   2   2   3   3   3  -3
DST2011*19  X220   0   4   0  -1  -2  -3  -3  -2  -1  -1  -2  -4  -5  -5  -3   0  -1  -1  -2  -1   1   2   5   3   1  -1
DST2011*20  X220   0  -6 -15 -21 -18 -18 -19 -23 -26 -25 -24 -18 -17 -16 -13 -11 -11 -16 -14 -15 -18 -15 -12  -8  -3 -16
DST2011*21  X220   0  -6  -9  -8  -8  -8 -12 -13 -14 -13 -10  -7  -7 -13 -17 -20 -20 -24 -23 -17 -12 -13 -21 -30 -35 -15
DST2011*22  X220   0 -22 -25 -25 -22 -28 -28 -42 -38 -45 -39 -33 -32 -29 -36 -36 -35 -40 -38 -35 -36 -39 -35 -27 -25 -33
DST2011*23  X220   0 -23 -25 -27 -26 -28 -31 -33 -33 -30 -27 -27 -26 -25 -25 -24 -23 -26 -25 -25 -24 -21 -21 -19 -17 -25
DST2011*24  X220   0 -20 -22 -25 -25 -25 -26 -25 -24 -22 -19 -19 -21 -23 -23 -23 -22 -22 -20 -20 -19 -17 -16 -12 -11 -21
DST2011*25  X220   0 -11 -12 -13 -15 -18 -21 -22 -21 -18 -17 -20 -21 -24 -27 -28 -26 -22 -23 -26 -26 -25 -23 -23 -21 -21
DST2011*26  X220   0 -18 -16 -15 -15 -15 -16 -16 -16 -12 -13 -17 -17 -17 -16 -13 -13  -9 -11 -12 -11  -8  -7  -5  -6 -13
DST2011*27  X220   0  -4  -4 -10 -10  -9 -12 -12 -12 -18 -24 -22 -17 -17 -16 -19 -17 -16 -14 -12 -10  -7  -6  -4  -6 -12
DST2011*28  X220   0 -15 -20 -23 -22 -23 -25 -26 -25 -22 -23 -23 -23 -21 -23 -25 -20 -18 -16 -15 -13 -15 -13 -11  -6 -19
DST2011*29  X220   0  -4  -4  -6  -6 -10  -8  -7 -13 -16 -15 -15 -15 -16 -15 -14 -14 -16 -14 -11 -11 -11 -10  -9  -8 -11
DST2011*30  X220   0  -8 -10 -12  -8  -9  -3  -6  -5  -8  -9 -11 -10 -12 -15 -16 -16 -15 -15 -16 -14 -14 -13 -15 -16 -12

