DST1810*01  X220   0 -12 -12 -10  -8  -9 -11 -12 -11 -13 -14 -14 -14  -5  -5  -5  -6  -6  -7  -9 -10  -8  -6  -7 -13  -9
DST1810*02  X220   0 -14 -17 -15 -15 -17 -18 -16 -17 -12  -8  -7  -7  -4  -3  -5  -4  -4  -4  -9 -15 -16 -15 -15 -14 -11
DST1810*03  X220   0 -13 -13 -13 -15 -16 -14 -11  -8  -6  -5  -1   4   4   4   3   7   6   7  10   6   3   0   0  -4  -3
DST1810*04  X220   0  -5  -8  -8 -11 -12 -13 -12 -10  -7  -6  -3  -1   1  -3 -10 -10  -7  -3  -2  -1   0   0   0   0  -5
DST1810*05  X220   0  -4  -5 -12 -10  -9  -4  -2  -7 -13  -9  -5  -3  -2   4   5  -4  -6  -8  -6  -7 -10 -10  -7  -3  -6
DST1810*06  X220   0  -3  -4  -2   0  -1  -2  -1  -6  -8  -8 -10  -5  -2  -2  -4  -6  -1   1   2   0  -3  -4  -4  -3  -3
DST1810*07  X220   0  -2  -3  -5  -3  -3  -3  -3   0   4  11  18  10  -3  -8  -7 -18 -36 -43 -43 -47 -54 -54 -50 -41 -16
DST1810*08  X220   0 -35 -32 -33 -40 -43 -42 -40 -40 -41 -39 -39 -46 -40 -38 -40 -39 -34 -31 -34 -32 -30 -29 -27 -26 -36
DST1810*09  X220   0 -25 -25 -25 -26 -27 -29 -33 -43 -41 -33 -31 -24 -23 -22 -22 -21 -29 -34 -31 -28 -28 -30 -35 -36 -29
DST1810*10  X220   0 -34 -34 -31 -27 -25 -25 -25 -24 -23 -20 -19 -25 -33 -37 -38 -37 -31 -34 -37 -37 -34 -34 -30 -28 -30
DST1810*11  X220   0 -35 -44 -45 -41 -37 -35 -36 -36 -33 -33 -28 -24 -25 -23 -23 -21 -20 -20 -18 -19 -23 -27 -27 -26 -29
DST1810*12  X220   0 -28 -28 -28 -29 -26 -25 -24 -21 -22 -24 -23 -22 -23 -21 -19 -20 -21 -18 -15 -17 -17 -17 -16 -16 -22
DST1810*13  X220   0 -17 -19 -22 -20 -17 -13 -10  -6  -5  -5  -4  -1  -5  -8  -7  -6 -14 -29 -38 -38 -34 -33 -41 -40 -18
DST1810*14  X220   0 -36 -33 -30 -28 -25 -25 -26 -27 -24 -22 -21 -22 -19 -18 -16 -15 -12  -9  -8  -9  -8 -10 -10 -13 -19
DST1810*15  X220   0 -15 -16 -19 -19 -20 -18 -17 -17 -17 -18 -18 -17 -18 -20 -18 -16 -11 -16 -21 -19 -16 -18 -19 -18 -18
DST1810*16  X220   0 -14  -9  -9 -11 -13 -16 -13 -13 -15 -15 -12  -9  -9  -8 -10 -11 -10 -11 -12 -14 -15 -17 -15 -12 -12
DST1810*17  X220   0 -11 -10  -9  -9 -12 -11 -11 -14 -14 -13 -12 -14 -15 -16 -15 -16 -14 -13 -10  -9  -9  -9  -8  -7 -12
DST1810*18  X220   0  -8  -7  -8  -8  -6  -6  -5  -7  -7  -6  -4  -6  -8  -9  -7  -7  -6  -4  -5  -5  -5  -5  -5  -6  -6
DST1810*19  X220   0  -7  -8 -10  -9  -8  -8  -6  -3  -1  -1  -3  -7  -9  -9  -7  -8  -7  -4  -3  -4  -5  -4  -3  -2  -6
DST1810*20  X220   0  -1   1   2   2  -1  -3  -3  -3  -4  -4  -4  -4  -3  -3  -3  -4  -5  -6  -7  -6  -3  -2  -4  -2  -3
DST1810*21  X220   0   1   4   6   5   5   7   7   7   9  10   8  -2  -9 -13 -10  -9  -8  -6  -6  -7  -7  -3  -3  -6  -1
DST1810*22  X220   0  -7  -7  -3  -2  -6  -4  -3  -3  -3  -6  -8  -8 -10 -12 -15 -14 -16 -20 -20 -20 -19 -17 -16 -16 -11
DST1810*23  X220   0 -16 -15 -13 -10 -10  -9  -8  -9 -10 -12 -11 -11 -11  -9  -5  -3   0   0  -2  -1  -2  -2  -2  -2  -7
DST1810*24  X220   0  -2   1   0   1  -1  -3  -1   1   1   0  -7  -9  -7  -5  -1   0  -2  -3  -7 -10  -9  -8  -9  -9  -4
DST1810*25  X220   0  -6  -3  -2  -2  -1  -4  -4  -2  -5  -7  -5  -6  -8  -4   0   0  -5  -5  -6 -10 -13 -10  -9 -11  -5
DST1810*26  X220   0 -10  -7  -2   2   7   8   8   2   0  -1  -3  -2  -1  -4  -3  -3  -2  -3  -4  -5 -10 -15 -16 -13  -3
DST1810*27  X220   0 -11  -8  -9 -10 -10 -10 -12 -15 -15 -13 -11  -5  -6  -5  -5  -5  -5  -6  -7  -7  -6  -6  -7 -10  -9
DST1810*28  X220   0 -11 -11 -10  -5  -4  -5  -5  -4  -4  -5  -4  -2  -2  -1   0   0  -1  -3  -6  -7  -6  -7  -3  -2  -5
DST1810*29  X220   0  -2  -2  -3  -2  -1  -1   2   4   4   4   5   7   6  10   6   3   3   3   5   7   5   3   2   2   3
DST1810*30  X220   0   2   1  -2  -1   0   3   6   6   6   4   2   3   2   3   4   3   3   4   2   0   0   0   2   2   2
DST1810*31  X220   0   0   0  -1  -1   1   2   4   4   3   4   6   7   4   4   3   1   1   1   3   4   2   4   4   4   3

