DST1806*01  X220   0  -9  -7   1   5  -3 -20 -39 -45 -26 -29 -26 -22 -19 -28 -28 -28 -28 -26 -32 -40 -40 -37 -31 -30 -24
DST1806*02  X220   0 -27 -24 -25 -34 -27 -23 -23 -19 -19 -17 -18 -21 -18 -13 -14 -13 -13 -12 -20 -29 -26 -23 -21 -26 -21
DST1806*03  X220   0 -20 -18 -19 -21 -19 -22 -20 -18 -18 -15  -9  -9 -12 -12 -13 -13 -12 -12 -19 -23 -23 -24 -25 -23 -17
DST1806*04  X220   0 -22 -17 -13 -16 -19 -19 -19 -18 -17 -16 -10  -6  -7  -8  -7  -7  -7 -13 -15 -18 -18 -15 -13 -11 -14
DST1806*05  X220   0  -9  -6  -7 -10  -9  -1   1  -3  -3  -3  -2  -1  -1  -2  -3  -1  -4  -9 -11 -15 -14  -8  -4  -7  -6
DST1806*06  X220   0  -8  -9  -9  -8  -7  -7  -6  -6  -7  -7  -6  -1   0   1   2   6   4  -2 -12 -23 -22 -23 -21 -18  -8
DST1806*07  X220   0 -20 -22 -22 -19 -17 -15 -12 -11  -7  -5  -8 -11 -13 -12 -12 -12 -12 -12 -11  -9  -6  -6  -3  -2 -12
DST1806*08  X220   0  -3  -5  -8 -12 -16 -14 -10  -9  -8  -7  -6  -6  -5  -3  -2   2   2   2   0  -1  -1   1   1   1  -4
DST1806*09  X220   0   1   0  -4  -4  -2  -2  -1  -7  -9  -2   1   1   2   3   5   5   4   5   1  -3  -4  -3  -1   0  -1
DST1806*10  X220   0   2   1   1   0   0   1   0  -2  -4  -4  -4  -3  -1  -1   1   3   0  -1  -1  -3   0  -1  -3  -4  -1
DST1806*11  X220   0  -5  -6  -6  -4  -4  -3  -1  -1  -1   0  -1   0  -2  -4  -3  -1  -2  -2   2   3   2   2   3   2  -1
DST1806*12  X220   0   0  -1   0   3   1   3   2   1   2   2   2   0  -3  -5  -4  -2   1   5   6   4   0  -2   1   4   1
DST1806*13  X220   0   8   8   5  -1  -4  -4  -4  -3  -1   1   3   8  10  11  13  15  15  18  16   7  -2  -4  -3   1   5
DST1806*14  X220   0   5   5   2  -2  -4  -1   1  -2  -6  -3  -1   2   0  -1  -1   2   3   2  -1  -5  -3   0   4   5   0
DST1806*15  X220   0   7   6   4   4   4   5   6   6   8   8   5   5   5   3   2   2   0   1   1   1   1   4   5   5   4
DST1806*16  X220   0   5   7   6   5   4   6   4   6   6   5   3   3   2   1   1   1   2   5   5   3   1   1   0   3   4
DST1806*17  X220   0   4   5   9   9   6   5   4   5   5   7  11  12  12  11  10  10  10  10  12  11  16  15  15  19  10
DST1806*18  X220   0  20  -1 -25 -35 -25 -13  -9 -10 -21 -12  -6  -4 -10 -15 -13 -13 -10 -10 -16 -20 -18 -14 -12  -9 -13
DST1806*19  X220   0 -10 -10 -13 -15 -15 -14 -15 -17 -15 -15 -12 -13 -14 -15 -15 -13 -10  -8 -10 -12 -10  -7  -5  -4 -12
DST1806*20  X220   0  -5  -4  -9 -11 -10 -10  -9 -11 -10  -7  -7  -9  -9 -11 -12 -11 -10  -8  -5  -4  -4  -1  -3  -4  -8
DST1806*21  X220   0  -7  -8  -8  -8  -9  -9  -8  -8  -7  -5  -4  -4  -3  -2  -2  -1  -1   0   1   0   1   0   0   2  -4
DST1806*22  X220   0   5   4   1  -1  -1  -3  -3  -1   1   1   0  -1  -2  -4  -4  -2   1   3   2  -2   2   5   6   4   0
DST1806*23  X220   0   1  -3 -12 -18 -20 -20 -12  -6  -3  -2 -15 -12  -8 -11 -10 -14 -16 -13 -11 -14 -15 -23 -27 -25 -13
DST1806*24  X220   0 -20 -21 -22 -26 -25 -26 -25 -23 -25 -26 -20 -19 -20 -18 -18 -18 -19 -17 -17 -20 -21 -21 -23 -18 -21
DST1806*25  X220   0 -11  -8 -10 -13 -13 -14 -17 -16 -14  -6  -3  -2  -9 -13 -12 -15 -17 -20 -25 -30 -37 -42 -40 -41 -18
DST1806*26  X220   0 -45 -47 -40 -40 -43 -39 -31 -37 -30 -18 -22 -27 -24 -16 -21 -25 -26 -30 -36 -39 -36 -31 -25 -22 -31
DST1806*27  X220   0 -19 -15 -13 -15 -20 -23 -21 -21 -19 -18 -20 -21 -21 -20 -19 -18 -18 -19 -18 -18 -18 -16 -15 -15 -18
DST1806*28  X220   0 -16 -13 -13 -14 -13 -11  -9  -7  -7  -7  -7 -12 -14 -14 -14 -14 -12 -12 -16 -18 -21 -20 -17 -11 -13
DST1806*29  X220   0 -11  -9  -9 -10 -13 -13 -13 -15 -16 -14 -13 -15 -15 -15 -12 -12 -11 -12 -13 -11 -10 -10  -9 -10 -12
DST1806*30  X220   0 -11 -11 -10  -8  -9 -11 -10  -7  -4  -8  -9  -8  -8  -6  -7  -9 -10  -5  -5  -6  -6  -8  -8  -5  -8

