DST1807*01  X220   0  -3  -2  -1   0  -2  -3  -5  -8  -8  -4  -2  -1  -4  -5  -7  -8  -7  -6  -4  -2  -2  -2   0   0  -4
DST1807*02  X220   0   0  -2  -5  -5  -3  -2   0   1   1   2   1  -2  -2   0   0   0   1   0  -3  -5  -4  -1  -2  -2  -1
DST1807*03  X220   0   0   1  -1   0   3   5   6   5   6  10  11  10   8   8   5   1   3   7  10  12  15  16  11  10   7
DST1807*04  X220   0  11  12  10   7   7   7   7   5   5   6   7   5   5   5   3   4   3   3   1  -2   0   2   5   9   5
DST1807*05  X220   0   9   6   4   0  -3  -3  -2   0   4   4   3   4  11   6   8   4  -4 -12 -12 -26 -25  -4  -7 -12  -2
DST1807*06  X220   0 -13 -14 -14 -11 -10  -8  -6  -5   1   7   5   5   8   5   6   2   3   1  -5  -7  -7  -9 -11  -7  -4
DST1807*07  X220   0   1   3  -4  -7  -9 -10 -11  -9  -6  -4  -5  -8 -10 -11 -14 -13 -10  -5  -3  -3   1   0  -2  -2  -6
DST1807*08  X220   0  -3   0  -1  -1  -3  -6  -7  -5  -4  -2  -3  -4  -3  -3  -5  -6  -6  -4  -5  -6  -8  -7  -6  -6  -4
DST1807*09  X220   0  -5  -2  -2  -4  -6  -6  -5  -5  -4  -4  -4  -4  -5  -5  -4  -3  -2  -3  -4  -3  -1  -1  -2   1  -3
DST1807*10  X220   0   5   5   3  -1  -3   0   1   3   5   5   7  12  16  10   0  -1   1   3   2   0   0  -3  -4  -2   3
DST1807*11  X220   0  -2  -3  -3   3   9  10   6   8  12   4   2   6   9  11  14  12  14   7   5   6   2   0  -5   1   5
DST1807*12  X220   0   7   8   3   4  11  13   3  -7  -7   1   7   5   3   1  -3  -6  -6  -5  -4  -3  -2  -1  -1   3   1
DST1807*13  X220   0   2  -4  -7  -9  -6  -6  -7  -8  -7  -4   0   4   4  -1  -2  -6  -4  -3  -6  -7  -5  -6  -7  -4  -4
DST1807*14  X220   0   2   2   2   0  -2  -3  -2  -4  -3  -2  -1   0  -1  -2  -2  -3  -5  -7 -11 -11  -6  -3  -2  -3  -3
DST1807*15  X220   0  -3  -5  -6  -7  -9 -10 -10  -9  -8  -9 -10 -10  -8  -8  -8  -8  -7  -5  -3  -3  -3  -4  -5  -7  -7
DST1807*16  X220   0  -4   2   3   0  -2  -2   3  -3 -14 -17 -18 -17 -12 -10 -11  -7  -8  -9  -8  -6  -1   3   8   9  -5
DST1807*17  X220   0  10   8   6   7   5  -7 -16 -24 -18 -12 -10  -9 -13 -13 -13 -15 -12 -12 -11 -13 -13 -11 -13 -13  -9
DST1807*18  X220   0 -14 -13  -9  -8  -6  -5  -7  -6  -4  -5  -4  -2   0  -1  -1   0   0   1   0   0   0  -4  -4  -5  -4
DST1807*19  X220   0  -6  -7  -5  -2   0   3   2   2   5   3   1   2   2  -1  -3  -4  -4  -4  -5  -5  -5  -3  -2  -1  -2
DST1807*20  X220   0  -6  -4  -4  -1   2   2   6   5   1  -1  -5  -5  -4  -1  -2  -2  -1   0   0   3   2  -3  -3  -2  -1
DST1807*21  X220   0   0   2   4   1   1  -5  -8  -6 -15 -13 -11   0   3   0  -5 -12  -8  -7  -8 -11 -11  -8  -8 -11  -6
DST1807*22  X220   0 -14 -11  -8  -7 -10 -13 -14 -10 -12 -14 -12  -5  -3  -4  -6  -9 -10 -11  -9 -11 -10 -10  -9  -7 -10
DST1807*23  X220   0  -7  -9  -9  -7  -6  -9 -12 -14 -10  -6  -4  -3   0  -1  -5  -7  -7  -7  -8  -4  -3  -2   3   5  -6
DST1807*24  X220   0   3   0  -1   3   8   9 -11  -7   1  -4 -11  -6   4   8   6   1  -3  -5  -7 -14 -21 -17 -13  -7  -4
DST1807*25  X220   0  -6  -8 -14 -19 -17 -17 -19 -16 -12 -12 -11  -9  -7  -5  -7 -10 -11 -12 -11  -7  -8 -11 -11  -9 -11
DST1807*26  X220   0  -7  -7 -11 -14 -12  -9  -6  -5  -5  -4  -5  -5  -5  -2  -3  -5  -7  -9  -6  -6  -4  -4  -6  -7  -6
DST1807*27  X220   0  -8  -8  -8  -5  -3  -3  -2   0  -1   2   3   5   5   2   1   0   1   3   5   9  10   8   8   7   1
DST1807*28  X220   0   5   3   1  -1  -4  -4  -4  -3  -5  -6  -6  -4  -1  -2  -4  -7  -7  -7  -8  -5  -1  -2  -5  -5  -3
DST1807*29  X220   0  -6  -9 -12 -13 -15 -16 -13 -12 -12 -11  -9  -7  -6  -6  -8  -9  -9 -11 -11 -10  -2  -1  -5  -6  -9
DST1807*30  X220   0 -10  -9  -6  -4  -4  -4  -3  -2  -1   0   0  -2   5   8   9  11   8   6   2   1  -4  -5  -3   1   0
DST1807*31  X220   0  -2  -7  -9  -8  -4  -3  -3  -3  -3   0   0   4   4   4   8   9  10  12  13  14  19  16  11   5   4

