DST1903*01  X220   0 -30 -31 -29 -25 -28 -27 -27 -28 -26 -22 -26 -26 -21 -15 -15 -22 -24 -25 -29 -33 -34 -31 -28 -26 -26
DST1903*02  X220   0 -23 -24 -21 -19 -23 -26 -25 -27 -25 -23 -22 -21 -16 -20 -22 -20 -20 -25 -29 -27 -24 -22 -23 -22 -23
DST1903*03  X220   0 -22 -21 -20 -21 -20 -19 -17 -17 -17 -18 -19 -17 -15 -14 -15 -15 -17 -17 -17 -18 -18 -19 -20 -21 -18
DST1903*04  X220   0 -21 -19 -21 -24 -23 -26 -26 -26 -27 -24 -27 -28 -25 -21 -23 -22 -22 -21 -21 -16 -17 -18 -19 -22 -22
DST1903*05  X220   0 -25 -26 -24 -21 -18 -16 -16 -16 -14 -11 -11 -12 -10  -9 -11 -14 -14 -13 -11 -11 -14 -16 -16 -15 -15
DST1903*06  X220   0 -14 -12  -9  -7  -5  -5 -13 -12  -7  -4   0   4  -1  -4  -6 -10 -13 -18 -22 -25 -25 -21 -19 -16 -11
DST1903*07  X220   0 -13 -13 -13  -9  -5  -4  -5  -4  -1   0   0   3   0  -2  -8 -16 -24 -23 -14 -15 -17 -18 -21 -23 -10
DST1903*08  X220   0 -18 -17 -16 -15 -12 -12 -14 -16 -18 -17 -11  -7  -6  -8 -11 -15 -16 -15 -13 -12 -11  -9  -8  -8 -13
DST1903*09  X220   0  -9  -7  -3   0   2   2  -1  -4  -5 -10  -8  -7  -7  -9 -12 -12 -13 -10 -11  -9 -11  -9  -7 -11  -7
DST1903*10  X220   0 -16 -18 -18 -17 -15 -14 -15 -18 -17 -18 -17 -16 -12 -10  -9  -9  -9 -10  -9  -5  -5  -3  -3  -3 -12
DST1903*11  X220   0  -3  -2  -3  -2  -4  -5  -5  -5  -3  -2  -4  -6  -8  -8  -5  -5  -4  -3  -5  -6  -6  -4  -5  -4  -4
DST1903*12  X220   0  -1   3   0   2   2   3   1 -10 -21 -27 -25 -21 -20 -19 -20 -21 -21 -18 -15 -15 -14 -15 -16 -14 -13
DST1903*13  X220   0 -15 -17 -18 -17 -19 -20 -16 -13 -11  -9  -8  -8  -8  -7  -6  -7  -8  -6  -7  -8 -10  -6  -3  -3 -10
DST1903*14  X220   0  -4  -6  -4  -3  -4  -9 -14 -14  -9  -3  -5  -9 -14 -12  -7  -7  -8  -8  -8  -9 -13  -9  -7  -9  -8
DST1903*15  X220   0 -11  -9  -7 -13 -21 -21 -17  -8  -6  -6  -7  -5  -6  -5  -6 -10 -13 -16 -18 -14 -12 -10  -8  -7 -11
DST1903*16  X220   0  -8  -5  -4  -1  -7  -9  -8 -10 -12 -15 -15 -16  -8  -5  -4 -12 -21 -28 -27 -22 -18 -24 -28 -34 -14
DST1903*17  X220   0 -30 -32 -34 -34 -39 -41 -40 -41 -33 -37 -42 -43 -37 -33 -29 -28 -28 -26 -23 -21 -20 -18 -18 -16 -31
DST1903*18  X220   0 -14 -14 -13 -12 -12 -13 -14 -13 -11 -10  -8  -7  -8  -8 -10 -11 -13 -13 -14 -15 -12 -11  -9  -8 -11
DST1903*19  X220   0  -7  -7  -9  -9  -8  -6  -2   4  11  14  13   9   2   2   1  -1  -2  -2   0  -2  -8 -17 -15 -11  -2
DST1903*20  X220   0  -6  -5  -5  -6  -8 -11  -8  -5  -2   0  -3  -3   0  -1  -2  -3  -5  -6  -5  -6  -6  -7  -8  -7  -5
DST1903*21  X220   0  -7  -8  -6  -6  -5  -5  -5  -3   0   0   1   0  -2  -1  -2  -4  -6  -4  -5  -4  -3  -1   0   0  -3
DST1903*22  X220   0   1   0  -2  -2  -1  -3  -3  -4  -3  -4  -2  -1   0  -1  -2  -1  -1   1   2   3   2   1   0   0  -1
DST1903*23  X220   0   1   0  -2  -3  -2  -1   1   4   3   1   2   3   2   2   2   3   3   4   4   4   3   1   1   0   2
DST1903*24  X220   0   0   0   0   1   1   1   0   1   2   3   5   7   6   6   7   6   6   6   8   9   9  11  22  24   6
DST1903*25  X220   0  25  19  15  14  11   9   9   7   8   8  10  11   7   4   3   3   1   1   3   5   6   8   6   4   8
DST1903*26  X220   0   4   0  -1  -3  -8  -8  -3  -1   0   1   3   5   5   3   2   2   0  -2   0   2   3   3   0   6   1
DST1903*27  X220   0   7   4   2   4   3  -2   1   5  -5  -8  -8  -7  -6  -5  -4  -5  -6  -9 -10 -10  -6  -7  -4  -1  -3
DST1903*28  X220   0  -1   3   7   5  -2  -8 -14 -14 -10  -8  -5  -4  -7 -10 -14 -10  -8 -11 -10 -13 -13 -14 -10  -7  -7
DST1903*29  X220   0  -5  -2   0  -1  -6  -9  -7  -8  -8  -7  -6  -3  -3  -4  -4  -8 -11 -16 -14 -10 -10  -7  -3  -6  -7
DST1903*30  X220   0  -7  -7  -8 -10 -12 -11 -12 -11  -7  -6  -6  -5  -4  -3  -2  -3  -3  -4  -3  -4  -5  -5  -4  -5  -6
DST1903*31  X220   0  -3  -1  -3  -7 -13 -14 -12 -12  -9  -6  -3  -2  -4 -13 -18 -19 -17 -15 -13 -15 -15 -13 -12 -11 -10

