DST1704*01  X220   0 -24 -25 -27 -27 -29 -32 -31 -34 -37 -30 -30 -32 -28 -25 -31 -29 -25 -27 -28 -26 -28 -27 -28 -28 -29
DST1704*02  X220   0 -27 -31 -33 -32 -29 -29 -26 -21 -19 -20 -19 -15 -16 -18 -19 -21 -21 -19 -17 -18 -17 -19 -22 -22 -22
DST1704*03  X220   0 -23 -24 -24 -23 -18 -11  -4  -2  -7  -9 -12 -15 -17 -17 -18 -20 -18 -15 -13 -12 -13 -15 -16 -16 -15
DST1704*04  X220   0 -17 -17 -15  -7  -3 -18 -46 -56 -55 -58 -66 -66 -47 -35 -35 -36 -31 -27 -25 -25 -24 -25 -21 -20 -32
DST1704*05  X220   0 -19 -18 -18 -16 -13 -14 -11  -4  -5 -10  -8  -8  -9 -10 -10 -13 -11   0   3   4  -4 -10  -7  -9  -9
DST1704*06  X220   0 -10 -11 -13 -16 -17 -13  -6  -1  -1  -3  -5 -12 -21 -23 -24 -25 -24 -23 -21 -21 -20 -20 -22 -22 -16
DST1704*07  X220   0 -22 -26 -24 -21 -20 -15  -7  -7  -8  -4  -8 -10 -11 -12 -12 -12 -12 -11 -11  -5 -13 -13 -11 -17 -13
DST1704*08  X220   0 -18  -8 -13 -21 -23 -20 -16 -17 -24 -31 -28 -16 -11 -11 -11 -13 -14  -9  -8 -11 -10  -8 -21 -27 -16
DST1704*09  X220   0 -32 -33 -33 -34 -38 -29 -25 -28 -27 -26 -35 -33 -19 -19 -19 -24 -19 -17 -18 -18 -18 -15 -14 -12 -24
DST1704*10  X220   0  -9  -8 -10 -12 -10  -6  -2   3   4   7   5   6   5   3   3   2   2   1  -1  -1   1  -1  -1  -3  -1
DST1704*11  X220   0  -6  -3  -2  -3  -4  -4  -3 -11 -14 -15  -8  -7  -4  -5 -14 -15 -17 -13 -25 -21 -19 -15 -10  -7 -10
DST1704*12  X220   0  -6 -13  -9  -8 -12 -14 -11 -12 -12 -10 -12 -13 -16 -16 -16 -15 -14 -14 -13 -13 -10  -9 -10 -10 -12
DST1704*13  X220   0  -8  -6  -6  -9 -12 -13  -6   0   0  -3  -5  -5  -5  -5  -5  -4  -7 -11 -11  -9  -2  -1  -4  -6  -6
DST1704*14  X220   0  -7 -10 -13 -15 -22 -29 -29 -26 -28 -26 -25 -18 -22 -23 -22 -22 -25 -31 -30 -27 -28 -28 -25 -27 -23
DST1704*15  X220   0 -26 -25 -23 -23 -23 -22 -22 -18 -16 -15 -15 -14  -9  -7  -5  -8 -12 -15 -14 -14 -14 -12 -12  -8 -16
DST1704*16  X220   0  -8  -6  -5  -5  -7  -8  -6 -10 -15 -15 -17 -15 -12 -10 -10  -9  -9  -7  -3  -6  -8 -11  -9  -7  -9
DST1704*17  X220   0  -6  -5  -3  -2  -1  -1  -3  -8  -9  -6  -5  -6  -9  -7  -5  -5  -4  -3  -5  -6  -6  -6  -7  -5  -5
DST1704*18  X220   0  -2  -1   2   3   1   2   3   6   9   8   5   1  -2  -2   0   1   8   9  10  14  16  20  17  12   6
DST1704*19  X220   0  15  12   0 -11 -30 -43 -33 -29 -30 -20 -16 -16 -16 -13 -11  -5  -5  -5  -7  -7 -12  -4   2   9 -11
DST1704*20  X220   0   3 -14 -22 -43 -54 -43 -54 -51 -38 -39 -43 -44 -40 -32 -30 -31 -31 -32 -29 -29 -29 -20 -21 -22 -33
DST1704*21  X220   0 -20 -20 -21 -21 -21 -18 -17 -15 -13 -13 -13 -15  -9 -12  -7  -2  -1  -8 -18 -20 -31 -44 -40 -36 -18
DST1704*22  X220   0 -33 -31 -46 -49 -61 -47 -42 -49 -64 -63 -61 -53 -34 -33 -45 -57 -55 -47 -50 -44 -44 -41 -41 -51 -48
DST1704*23  X220   0 -43 -32 -33 -39 -50 -52 -50 -47 -61 -49 -46 -35 -33 -37 -41 -40 -40 -42 -40 -42 -53 -51 -49 -49 -44
DST1704*24  X220   0 -44 -41 -45 -50 -54 -45 -36 -44 -51 -47 -43 -35 -32 -31 -28 -31 -35 -40 -45 -44 -39 -38 -40 -37 -41
DST1704*25  X220   0 -38 -41 -44 -46 -39 -32 -34 -38 -37 -29 -28 -25 -28 -29 -27 -27 -29 -29 -31 -35 -38 -37 -37 -36 -34
DST1704*26  X220   0 -33 -32 -30 -30 -29 -27 -22 -24 -24 -25 -26 -25 -22 -24 -23 -25 -25 -28 -32 -38 -37 -30 -24 -22 -27
DST1704*27  X220   0 -23 -27 -31 -33 -34 -36 -36 -36 -32 -30 -27 -24 -20 -20 -20 -21 -21 -20 -23 -27 -25 -22 -18 -15 -26
DST1704*28  X220   0 -13 -13 -12 -14 -19 -28 -29 -30 -30 -31 -30 -25 -20 -17 -15 -14 -19 -22 -22 -24 -26 -28 -29 -27 -22
DST1704*29  X220   0 -24 -21 -17 -18 -17 -18 -17 -16 -23 -25 -23 -19 -16 -16 -18 -14 -12 -11 -13 -16 -18 -18 -20 -22 -18
DST1704*30  X220   0 -20 -19 -14 -11 -12 -16 -15 -14 -15 -13 -11 -13 -11  -9  -8  -6  -4  -4 -10 -15 -15  -8  -2   2 -11

