DST1803*01  X220   0  -4  -1   2   2  -3  -8 -11 -12 -13 -16 -17 -17 -19 -20 -14 -10 -10 -10 -10 -14 -11 -15 -15 -11 -11
DST1803*02  X220   0  -6  -5  -1   2   0  -4  -5  -6  -8  -9  -8  -7  -9  -9  -8  -6  -7  -7  -7  -9 -12 -14 -14 -12  -7
DST1803*03  X220   0  -8  -6  -5  -3  -2   0   1   0  -3   0   0  -3  -8  -9  -7  -3  -6  -4  -4   0   2  -5  -9  -9  -4
DST1803*04  X220   0   1  10   4  -7  -9  -9 -12 -12 -11 -15 -13  -9  -9  -7  -6  -3  -3  -1  -4  -8 -10 -10 -11  -8  -7
DST1803*05  X220   0  -5   1   9  10  12  11   8   4   3   3   2   2   0  -2   0   6   1   2   4   1  -1  -3  -1  -5   3
DST1803*06  X220   0  -9  -5   5  11  12   9   8   8   6   6   7   5   5   4   4   4   4   5   6   7   4   1   1   0   5
DST1803*07  X220   0   1   3   2   4   4   1   1   3   4   5   5   6   4   3   3   4   5   5   6   3   0  -1  -1  -1   3
DST1803*08  X220   0   2   6  10  12  11   4  -4  -3   1   0   2   2   3   4   4   4   4   7   6  10   8   6   2   0   4
DST1803*09  X220   0   4  11   7   2  -1   0   2   1  -4  -7  -6  -3  -2  -2  -2   0   2   4  18  24  18  18  21  18   5
DST1803*10  X220   0  -2  -8 -14 -21 -33 -38 -37 -38 -39 -31 -23 -18 -14 -16 -17 -20 -20 -16  -9 -11   7  11   7   4 -17
DST1803*11  X220   0   3   7   5   5  -2  -9 -11 -10 -10 -11 -10  -7  -8 -10 -10  -9  -9  -5  -1   1  -2  -5  -4  -3  -5
DST1803*12  X220   0  -2  -2   1   2   2   0   0   1   1   0   0   0  -2  -2  -2  -2  -4  -3  -1  -1  -2   1   2   3   0
DST1803*13  X220   0   3   3   6   9  11  13  11   5  -1  -5  -5  -4  -5  -4  -6  -6  -6  -5  -3  -3  -3  -1  -3  -4   0
DST1803*14  X220   0  -2   0   5  10  13  12  10   3  -2  -2   1   2   1   1  -1  -9 -17 -11 -13 -20 -27 -28 -19 -18  -5
DST1803*15  X220   0 -25 -26 -24 -21 -22 -21 -17 -14 -10 -14 -12  -6  -3  -3  -7 -14 -24 -30 -25 -19 -23 -24 -23 -25 -18
DST1803*16  X220   0 -24 -17 -15 -23 -37 -37 -35 -30 -27 -31 -39 -29 -21 -21 -21 -22 -29 -25 -22 -19 -16 -16 -16 -22 -25
DST1803*17  X220   0 -25 -28 -23 -27 -28 -25 -26 -27 -23 -18 -16 -15 -15 -15 -16 -13 -14 -12  -8  -7  -8 -10 -11 -14 -18
DST1803*18  X220   0 -16 -14 -13 -14 -16 -15 -15 -15 -16 -19 -18 -15 -12 -18 -26 -31 -24 -16 -14 -21 -38 -38 -37 -41 -21
DST1803*19  X220   0 -43 -44 -45 -39 -35 -34 -29 -23 -23 -28 -24 -20 -15 -16 -15 -16 -18 -17 -13 -10 -20 -25 -21 -24 -25
DST1803*20  X220   0 -26 -27 -28 -25 -19 -16 -16 -19 -20 -23 -22 -19 -19 -19 -20 -19 -16 -15 -12 -10 -11 -13 -17 -20 -19
DST1803*21  X220   0 -21 -22 -16 -11  -9 -10 -14 -15 -14 -12 -10  -9  -6  -5  -7  -8  -8  -8  -8  -7  -9  -9 -11 -12 -11
DST1803*22  X220   0 -13 -14 -12 -10  -9  -7  -9 -10 -10  -8  -7  -4  -2  -2  -4  -6  -3   3   3  -4 -18 -25 -25 -19  -9
DST1803*23  X220   0 -16 -20 -22 -14 -16 -19 -12  -9  -7 -17 -29 -26 -19 -11  -7  -6 -11 -10 -10  -6  -7 -17 -21 -20 -15
DST1803*24  X220   0 -23 -23 -24 -20 -14  -8  -8  -8 -10 -17 -18 -14  -9  -8  -9 -13 -16 -12 -11 -14 -17 -20 -22 -20 -15
DST1803*25  X220   0 -20 -20 -19 -20 -19 -21 -17 -18 -26 -27 -18 -21 -14 -16 -22 -22 -26 -21 -10  -7  -9 -10 -11 -15 -18
DST1803*26  X220   0 -13 -15 -21 -22 -21 -24 -20 -13 -12 -17 -23 -25 -23 -24 -25 -24 -22 -22 -18 -17 -17 -16 -19 -20 -20
DST1803*27  X220   0 -23 -23 -21 -16 -18 -14 -12 -12 -11 -11 -12  -8  -5 -11 -16 -19 -18 -16 -15 -15 -15 -16 -13 -13 -15
DST1803*28  X220   0 -14 -16 -19 -17 -16 -19 -16 -13 -12  -9 -11 -10  -9  -9 -11 -12 -10  -9  -6  -6  -4  -1  -2  -3 -11
DST1803*29  X220   0  -8 -11 -11 -10  -9  -5  -1   4   9  13   9   8  10  12  12  18  11   5   0  -4  -6  -6  -5  -3   1
DST1803*30  X220   0  -1  -6  -9  -8 -11  -9  -5  -2   1   3   3   0  -2   7   5   5   8  11  14  11  13  13  11   9   3
DST1803*31  X220   0   7   0  -5  -6  -2  -3  -1   0   3   4   3   2   3   2   0  -3  -5  -2   1   2   6   5   3   4   1

