DST2009*01  X220   0 -15 -16 -16 -18 -22 -25 -20 -26 -29 -23 -21 -20 -26 -30 -28 -26 -29 -29 -28 -31 -31 -31 -29 -31 -25
DST2009*02  X220   0 -30 -35 -35 -33 -26 -20 -20 -21 -22 -23 -20 -17 -20 -19 -13  -9 -10 -12 -15 -15 -16 -19 -19 -20 -20
DST2009*03  X220   0 -20 -20 -18 -16 -14 -13 -14 -14 -15 -12  -9  -5  -3  -1  -1  -1  -3  -3  -4  -6  -9 -13 -15 -19 -10
DST2009*04  X220   0 -20 -21 -19 -17 -14 -15 -17 -17 -14 -12 -18 -20 -20 -20 -18 -20 -20 -21 -20 -19 -21 -21 -20 -20 -19
DST2009*05  X220   0 -21 -24 -25 -22 -17 -14 -14 -14 -17 -21 -20 -14 -12 -11  -7  -5  -4  -5  -7  -8  -8 -10 -10 -14 -14
DST2009*06  X220   0 -18 -20 -16 -12 -10 -10  -7  -6  -7  -6  -7 -10 -11  -7  -4  -4  -3  -4  -5  -8 -12 -16 -20 -21 -10
DST2009*07  X220   0 -21 -17 -14 -11 -13 -16 -15 -10 -10 -11 -11 -13 -15 -13 -11  -8 -10 -10 -10 -10 -11 -13 -15 -15 -13
DST2009*08  X220   0 -13 -14 -14 -12 -13 -12  -9  -6  -6  -1   1  -1  -1  -1  -1  -4  -5  -6  -5  -5  -4  -2  -2  -3  -6
DST2009*09  X220   0  -5  -6  -7  -6  -6  -6  -2   0   0   1   2   1   1   0  -1  -3  -2  -1  -2  -2  -2  -2  -1   0  -2
DST2009*10  X220   0  -2  -3  -3  -3  -2  -2  -4  -1   1   2   0   1   2   4   4   1   1   2   2  -1  -1   3   2   0   0
DST2009*11  X220   0   0   1   1   2   1   1   1   1  -1  -3   0  -1  -2  -1  -1  -2  -2  -3  -1  -3  -4  -7 -12 -13  -2
DST2009*12  X220   0 -12 -11 -10  -6  -7  -9  -9  -7  -8  -9  -1   1   0   0  -2  -5  -5  -3  -2  -3  -5  -7  -9 -11  -6
DST2009*13  X220   0  -9 -10 -13 -12  -8  -6  -7 -10  -8  -6  -3  -2   0   1  -1   0   0   8   6   7  11   7   6   8  -2
DST2009*14  X220   0   2 -12 -21 -26 -36 -36 -30 -27 -29 -16 -10  -6 -12 -14 -11 -10  -9  -7  -8 -10 -11 -14 -16 -18 -16
DST2009*15  X220   0 -19 -20 -18 -18 -21 -20 -19 -16 -20 -23 -26 -23 -16 -14 -15 -17 -17 -14 -12 -10 -11 -14 -16 -18 -17
DST2009*16  X220   0 -17 -14 -13 -14 -13 -10  -8  -8  -6  -4   0   3   3   1  -1  -4  -5  -5  -5  -5  -7 -15 -18 -17  -8
DST2009*17  X220   0 -12  -8   0   3   0  -2  -3 -10 -11  -9  -5   3   5   4   1  -3  -6  -5  -5  -4  -3 -10 -12 -12  -4
DST2009*18  X220   0  -6  -4  -4  -5  -6  -7  -6  -6  -6  -6  -5  -3  -3   9  11  13  11   6   4   2   2  -2  -3  -3  -1
DST2009*19  X220   0  -1  -1  -1  -3  -4  -7  -8  -9  -7  -4  -2  -4  -6  -8  -8  -7  -7  -8  -7  -7  -7  -6  -7  -7  -6
DST2009*20  X220   0  -9  -9  -7  -5  -5  -2   0   2   1   0  -1  -3  -5  -3   2  -1  -4  -4  -6  -7  -7  -7  -8  -6  -4
DST2009*21  X220   0   0   5   9  11  10   9   9   9   9   7   5   5   4   2   4   6   7  10  10  12  10   7   7   7   7
DST2009*22  X220   0   4   3  -2  -3  -5  -2  -3  -6 -12 -15 -16 -13  -7  -4  -7 -11 -12 -12 -11 -10 -10 -10 -11 -13  -8
DST2009*23  X220   0 -10  -9  -8  -4  -4   0   3  -1 -10 -20 -23 -23 -17 -14 -13 -16 -13  -8 -12 -17 -15 -18 -19 -19 -12
DST2009*24  X220   0 -22 -14  -4  -8 -12 -11 -14 -24 -27 -30 -23 -17 -19 -28 -34 -35 -34 -30 -24 -21 -22 -20 -22 -23 -22
DST2009*25  X220   0 -25 -22 -26 -31 -30 -27 -24 -25 -28 -25 -19 -16 -13 -15 -19 -20 -18 -17 -14 -15 -23 -32 -47 -54 -24
DST2009*26  X220   0 -52 -53 -52 -52 -47 -46 -42 -46 -42 -33 -24 -24 -22 -25 -23 -19 -25 -25 -26 -27 -28 -30 -32 -36 -35
DST2009*27  X220   0 -31 -28 -29 -31 -38 -39 -33 -32 -32 -28 -26 -24 -23 -23 -24 -29 -28 -27 -25 -28 -45 -60 -58 -52 -33
DST2009*28  X220   0 -52 -50 -46 -48 -53 -47 -45 -48 -47 -41 -39 -40 -39 -38 -35 -36 -42 -38 -43 -44 -48 -54 -48 -42 -44
DST2009*29  X220   0 -29 -31 -37 -32 -27 -27 -32 -30 -30 -27 -23 -22 -24 -24 -31 -37 -37 -34 -32 -31 -32 -29 -28 -28 -30
DST2009*30  X220   0 -24 -26 -24 -26 -37 -42 -36 -35 -33 -29 -27 -26 -23 -20 -18 -20 -21 -23 -27 -29 -32 -31 -31 -32 -28

