DST2005*01  X220   0   4   7   5   4   5   2  -3 -11 -18 -18  -7  -1  -4 -10 -14 -15 -15 -13 -12  -9  -6  -2  -3  -2  -6
DST2005*02  X220   0   0   0  -1  -5  -6  -8 -11 -12 -12 -13 -10 -12 -17 -17 -15 -13 -10 -10  -9  -5  -7  -4  -1   3  -8
DST2005*03  X220   0   5   3   1  -3  -5  -7  -6  -2   0   0   1  -1  -1  -2  -1  -2  -1  -1   2   5   7  10   3   7   1
DST2005*04  X220   0   5   0   0  -4  -5  -2  -2   1   1  -1  -2  -1  -1  -2  -4  -8  -6  -4  -5  -5  -4  -4  -1  -1  -2
DST2005*05  X220   0   0  -1  -3  -4  -8 -10  -8  -8 -10  -5  -5  -4   0   2  -3  -5  -7  -9 -13 -16 -22 -23 -22 -19  -8
DST2005*06  X220   0 -14 -16 -16 -21 -24 -23 -17 -14 -12 -12 -11 -10 -10 -11 -14 -17 -18 -19 -20 -20 -21 -19 -17 -15 -16
DST2005*07  X220   0 -13  -9  -7  -7  -7  -7  -9 -10  -8  -5  -7 -11 -13 -11  -6  -6  -6  -7  -6  -5  -5  -5  -6  -5  -8
DST2005*08  X220   0  -5  -6  -3  -1   1   3   2   3   4   3   4   2   1   1  -1  -2  -2  -2  -1   2   4   4  -1  -6   0
DST2005*09  X220   0 -11  -8  -4  -4  -5  -4  -3  -1  -2  -2   0   0   0   2   4   4   5   6   5   4   1   4   7   6   0
DST2005*10  X220   0   5   3   2   2   4   5   5   4   3   2   2   3   1   0   5  12  18  18  19  18  20  15   6   1   7
DST2005*11  X220   0  -4 -10 -12 -11 -14 -11  -6  -4  -7  -8  -7  -5  -5  -5  -6  -4  -3  -1   0  -3  -5  -3   1   3  -5
DST2005*12  X220   0   3   3   4   7   9   8   7   9  10   8   6   4   2   1   2  -2  -2  -1  -1   0   2   4   2   0   4
DST2005*13  X220   0   0   1   0  -1   1   3   6  10   9   7   6   5   5   4   0   2   0  -2  -2  -1  -2   0   4   5   3
DST2005*14  X220   0   8   6   6   6   6   8   9   9   9   9   7   7   8   9  10   9   9   7   8   8   8  12  11   6   8
DST2005*15  X220   0   2   0   0   1   2   4   6   7  10  16   9   5   4   4   3   2   1  -2  -2  -2   0   4   5   4   3
DST2005*16  X220   0   2  -1  -1  -1  -1   1   3   3   2   1   1  -1  -2  -2  -4   0   1   1   1   0   3   6   9  11   1
DST2005*17  X220   0  12   9   7   6   5   5   5   5   6   6   6   5   4   2   2   2   4   5   7   9   8   4   2   3   5
DST2005*18  X220   0   5   7   7   5   5   6   7   7   7   9   8   7   7   5   4   6   7  11   8   9   8   9  12  13   7
DST2005*19  X220   0   9   6   1   3   7   9   6   1  -3  -3   1   0  -4  -7  -8  -6  -4  -2  -1  -1  -1  -6  -9  -6  -1
DST2005*20  X220   0  -6  -8  -7  -4  -3  -2  -4  -4  -3  -1   0   1   1   0  -2  -2  -3  -4  -3  -4  -4  -4  -2  -1  -3
DST2005*21  X220   0  -2  -1  -2  -3   2   0  -3  -7  -9  -7  -5   1   4   1   0   2   1  -1  -1   0   0   0  -5  -9  -2
DST2005*22  X220   0  -6  -2   1   0  -1  -1  -1   2   2   2   3   7   7   9   6   1  -2  -2   0   3   5   3  -2  -6   1
DST2005*23  X220   0 -12 -13 -10  -9  -6  -2   0   0  -2  -2  -2  -1  -2  -5  -6  -7  -7  -6  -5  -5  -6  -6  -7  -6  -5
DST2005*24  X220   0  -5  -5  -6  -5  -3   0   5   6   7   8  11  15  13  11   9   5   1  -2  -7 -13 -16 -15 -11  -7   0
DST2005*25  X220   0  -9 -14 -15 -13  -9  -5  -7  -6  -4  -3  -3  -1   1  -1   0   3   6   3   3   1  -3  -8  -5   2  -4
DST2005*26  X220   0   0   2   1   1   0   0   2   1  -3  -3   0   0   0  -3  -3  -1  -3  -5  -6  -4  -3  -5  -8  -5  -2
DST2005*27  X220   0  -4  -3  -1  -2   2   1   3   6   7   7  11   9   7   5   4   4   5   5   2  -1   3   4   6   4   4
DST2005*28  X220   0   3   3   4   5   4   2   1   2   2   2   2   0   0  -2  -3  -2  -2  -2  -4  -3   2   7   9   8   2
DST2005*29  X220   0   6   6   5   4   4   5   6   3   3   1   2   6   7   4   2   2   2   1   0   0   6  14  14  17   5
DST2005*30  X220   0  17  12  13  17  16  20   4 -15 -25 -22 -26 -20 -16 -15 -15 -23 -24 -22 -25 -21 -18 -17 -23 -22 -10
DST2005*31  X220   0 -22 -21 -20 -17 -14 -14 -12  -9  -8  -9  -9  -9 -10 -13 -15 -16 -15 -15 -15 -14 -14 -12 -13 -12 -14

