DST1706*01  X220   0  12  11   6   5   3   4   1   0   5   3   6   7   9  13  12  14  18  23  18   7   0  -2   6   5   8
DST1706*02  X220   0  -2  -9 -11  -8  -3  -2   1   1  -4  -4  -3  -3  -3  -4  -3   0   0   0   0  -3  -5  -5  -5  -4  -3
DST1706*03  X220   0  -5  -5  -5  -2  -3   0   2   3   7  15  20  22  13  -1  -8 -14 -18 -10 -13 -11 -13 -12 -11 -10  -2
DST1706*04  X220   0 -10 -14 -15 -15 -14 -11  -9  -9  -9  -9  -9  -7  -8  -7  -7  -5  -5  -6  -5  -3  -4  -4  -3   1  -8
DST1706*05  X220   0   0   0   0   0  -1   2   2   4   0  -1   2   6   6   6   3   6   9   7   6   6   5   3   2   3   3
DST1706*06  X220   0   0  -1  -5  -7 -12  -9  -6   0  -1   2   2  -1  -1   1   5   9  10   9   5   4   2   2   3   3   1
DST1706*07  X220   0   1  -2  -3  -5  -1   3  10   9   7   5   4   3   2   5   9  11   6   5   4   3   4   3   6   6   4
DST1706*08  X220   0   8   5   7   6   6   7   6   4   3   2   3   5   4   0   0   2   2   2   2   0   1   4   6   9   4
DST1706*09  X220   0   5   6  10  13  11  10   9   7   6   7   6   5   4   5   5   7   7   5   4  -1  -4  -4  -2   0   5
DST1706*10  X220   0   1   3   6   8   7   9   7   8   7   7   8  10  13  15  15  13  12  11   9   7   8   8   9   8   9
DST1706*11  X220   0   7   8  13  18  18  15  12  10   4  -2  -1   5  14  19  22  12   6   1  -5 -10  -9  -6  -8  -8   6
DST1706*12  X220   0  -8  -6  -6  -7  -7  -6  -5  -3  -2  -3   0   1  -3  -1  -3  -3   1   3   3  -1  -4  -4   0  -3  -3
DST1706*13  X220   0  -7  -7  -6  -5  -3   0   4   5   3  -1  -5   1   1   2   3   4   3   1   0  -2  -2  -1  -4  -2  -1
DST1706*14  X220   0  -3  -5  -5  -3  -4  -5  -5  -2  -2  -2  -2  -5  -7  -6  -2   2   1  -3  -5  -7  -3   1   1   0  -3
DST1706*15  X220   0  -3  -3  -2   5   6   5   5   6   7   7   8   9  10   9   7   7   9   9   9   6   6   9  12  16   7
DST1706*16  X220   0  16  17  20  24  25  24  29  33  19  -6  -4   2   6   8   4 -11 -18 -12 -17 -23 -19 -17 -18 -27   2
DST1706*17  X220   0 -27 -26 -20 -18 -25 -18 -13  -9  -7  -8 -14 -10  -4  -6  -8  -8  -8  -5  -4 -12 -15 -12 -13 -11 -13
DST1706*18  X220   0 -14 -22 -27 -22 -18 -13 -11  -9 -18 -18 -14 -12 -12 -13 -11 -11 -13 -14 -14 -16 -16 -17 -12 -12 -15
DST1706*19  X220   0 -13 -16 -14 -11 -15 -14 -16 -15 -16 -15 -12 -11  -9 -11 -11 -11 -10 -12 -16 -19 -17 -14 -12 -10 -13
DST1706*20  X220   0  -9 -10 -11 -11  -8  -5  -6  -4  -5  -5  -6  -7  -8  -8  -7 -10 -12 -10  -7  -8  -6  -5  -6  -3  -7
DST1706*21  X220   0  -5  -7  -6  -4  -3  -3   0   0   2   4   1  -5  -6  -9 -11  -8  -7  -7 -12 -17 -19 -20 -19 -19  -8
DST1706*22  X220   0 -20 -18 -15 -17 -20 -21 -19 -15 -11  -7  -5  -5  -5  -5  -4  -4  -2   0   0   0   4   7   7   9  -7
DST1706*23  X220   0  14  16  16  16  13  11  12  14  12  13  11   9   8  12  12  12  10  11   7   8  11  16  14   4  12
DST1706*24  X220   0   1   0   0  -5  -9  -8 -12 -12  -4   2  -5 -13 -11  -4  -2  -3  -5  -8  -8  -5  -1  -1   1  -1  -5
DST1706*25  X220   0  -3  -3  -2   0  -5 -13 -30 -31 -17  -2  -2  -5  -2   0   0   0  -1   1  -3  -5 -10 -16 -13  -9  -7
DST1706*26  X220   0 -10  -8  -8  -6  -4  -5  -5  -1   2  -2 -11  -6  -4  -2  -3  -4  -4  -5  -2  -2  -5  -2  -2  -5  -4
DST1706*27  X220   0  -8 -10  -7  -9 -12  -9 -12  -8  -6  -2  -1  -2   1   3   1   4   2   0  -1  -2  -3  -2   1   1  -3
DST1706*28  X220   0   3   4   1  -2  -4  -5  -2  -1  -3   1   2   2   3   5   4   2   1  -1   0   1   5   8   8   7   2
DST1706*29  X220   0   6   8   8   6  10   8  -2   3   3  -2  -2  -1  -4  -5  -4  -3  -2   1   0  -3  -4  -4  -2   1   1
DST1706*30  X220   0   4   7   6   2  -1   1   1   4   8   9   6   5   6   6   8  10  11  10  11   9   7   6   8  12   7

