DST1911*01  X220   0 -14 -14 -16 -19 -17 -10 -11  -9  -7  -7 -10  -8 -11  -9  -9  -9 -11 -10 -11 -11 -11 -11 -12 -13 -11
DST1911*02  X220   0 -13 -14 -14 -13 -12  -7  -6  -7  -9  -8  -6  -5  -6  -7  -6  -7  -7  -7  -8  -5  -5  -2  -2  -5  -8
DST1911*03  X220   0  -5  -6  -6  -4  -2  -3  -5  -6  -7  -3  -2  -1  -1  -2  -3  -3  -4  -3  -2  -3  -4  -3  -2  -3  -3
DST1911*04  X220   0  -3  -5  -6  -8  -9  -7  -1  14  14  16  14   8   6   4   2  -3  -8  -9  -9  -7  -9 -14 -11  -6  -2
DST1911*05  X220   0  -3  -4  -8  -5  -8  -5  -4  -3  -6  -5  -3  -1  -3  -8 -11 -14 -17 -13 -16 -15 -15 -12 -11  -8  -8
DST1911*06  X220   0 -10 -12 -15 -14 -14  -9 -11 -11 -13 -12 -12 -12 -12  -9  -8  -6  -5  -6  -6  -5  -7  -4  -7  -6  -9
DST1911*07  X220   0  -3  -5  -7  -9 -14 -18 -17 -14 -13 -12 -14 -14 -13 -11  -9 -12 -13 -13 -11 -10 -10 -10  -9  -6 -11
DST1911*08  X220   0  -3  -3  -4  -3  -2  -3  -1  -2  -3  -2  -3  -3  -2  -3  -4  -9 -12 -12 -10 -10  -8 -10  -8  -4  -5
DST1911*09  X220   0  -4  -4  -6  -4  -2  -3  -7  -6  -4  -3  -5  -8  -8  -9  -8  -7  -9  -8  -5  -5  -8  -8  -7  -5  -6
DST1911*10  X220   0  -6  -7  -9 -11 -13 -12 -10  -7  -5  -7  -8  -8  -7  -7  -7  -6  -7  -8  -7  -4  -3  -2   1   4  -7
DST1911*11  X220   0   6   2  -2  -2  -3  -3  -1  -1  -4   2   2 -12 -19 -22 -22 -23 -29 -26 -21 -19 -18 -18 -10  -5 -10
DST1911*12  X220   0   4   4  -6  -6  -8  -5 -10 -11 -10 -10  -8  -4  -2  -1  -2   0  -4  -7  -9  -9 -10 -12 -12 -10  -6
DST1911*13  X220   0  -7  -6  -5  -6  -6  -4  -3  -3  -3  -3  -5  -6  -7  -8 -10 -11 -12 -14  -7  -5  -7  -7  -5  -3  -6
DST1911*14  X220   0  -4  -3  -2   1   1  -1  -2  -2   3   4   1   1  -2  -4  -4  -7 -10  -9  -7  -5  -2   0   2   5  -2
DST1911*15  X220   0   8   9   5   1  -1  -2  -2   0  -1  -1  -3  -3  -3  -2   3   4   6   7   5   4   2   1   2   1   2
DST1911*16  X220   0   1  -3  -4  -4  -7 -11 -14 -17 -16 -13 -12 -12 -12  -5  -5  -3  -5  -2  -6 -11  -5  -1  -1  -3  -7
DST1911*17  X220   0  -6  -6  -6  -8  -9  -9 -10 -11 -10 -11 -12 -13 -13 -11 -10  -9  -7  -5  -5  -5  -8 -10  -9  -6  -9
DST1911*18  X220   0  -3  -2  -2  -2  -4  -4  -4  -3  -5  -5  -6  -4  -3  -2  -2  -3  -3  -2  -4  -4  -6  -5  -4  -1  -3
DST1911*19  X220   0   1  -1  -3  -5  -8  -7  -2   3   3   1   0   0  -1  -3  -6  -6  -5  -5  -4  -3  -2  -3  -1   0  -2
DST1911*20  X220   0   1   1   1   2   1  -2  -2  -2  -2  -1  -2  -3  -4  -3  -2   1   3   6   9  14  13   9   8   4   2
DST1911*21  X220   0   4   6   5   1   2   1   0  -2   2   4   6   2  -3  -3 -10 -10 -10 -14 -12 -11  -7 -17 -14 -11  -4
DST1911*22  X220   0 -11 -11 -16 -19 -20 -23 -25 -23 -24 -23 -19 -18 -18 -18 -20 -20 -23 -23 -21 -22 -20 -22 -24 -22 -20
DST1911*23  X220   0 -21 -20 -19 -12 -18 -17 -20 -23 -23 -25 -22 -22 -23 -22 -30 -34 -31 -26 -23 -23 -22 -20 -16 -16 -22
DST1911*24  X220   0 -18 -16 -20 -22 -26 -26 -25 -21 -22 -23 -20 -20 -19 -20 -19 -19 -21 -19 -18 -20 -21 -19 -19 -17 -20
DST1911*25  X220   0 -14 -13 -12 -13 -15 -17 -17 -18 -19 -22 -23 -23 -21 -20 -20 -18 -17 -16 -14 -13 -10 -11 -10  -9 -16
DST1911*26  X220   0 -10 -11 -12 -14 -15 -15 -13 -13 -13 -16 -17 -17 -13 -12 -11  -7  -9  -7  -6  -4  -4  -5  -2   0 -10
DST1911*27  X220   0   1   0  -1   3   1   0  -4  -7  -8  -8  -9 -11  -9  -6  -8 -13 -11  -8  -5  -8 -13 -17 -13  -5  -7
DST1911*28  X220   0  -1  -1  -1  -2  -1   0  -2  -3  -5  -7  -7  -6  -6  -8  -9  -8  -7  -4  -5  -4  -3  -1   2   6  -3
DST1911*29  X220   0   6   7   4   1  -1  -1  -4  -6  -8  -9 -13 -14 -12 -12 -10  -7  -6  -6  -5  -6 -13 -19 -20 -18  -7
DST1911*30  X220   0 -14 -10  -8  -5  -5  -3  -4  -3  -5  -7  -9  -7  -5  -5  -8  -6  -2  -1  -1  -3  -2  -4  -4  -7  -5

