DST1808*01  X220   0   1   3   6   7  10  10   9   9  10   7   3   4   2   2   6   7   7   8   7   6   3   9  12  13   7
DST1808*02  X220   0  18  14  11   8   6   4   3   6   6   6   6  11  11   3   3   4   5   5   4   2   4   7   8   9   7
DST1808*03  X220   0   9   8  14  12  13  11   6   5   5   1   2   7   6   3  -1  -1  -1   2   2   2   3   1   0   1   5
DST1808*04  X220   0   0  -2  -9 -11  -6  -3   1   2   2   3   1   1  -1  -3  -4  -4  -6  -6  -5  -2   1   2   2   4  -2
DST1808*05  X220   0   3   3   1  -2   4   8  11  12  13  10   6  -5  -8  -7  -7  -9  -9  -8  -6  -5  -4   0   1  -1   0
DST1808*06  X220   0  -4  -5  -4   0   2   1   2   2   2   6   2   2   5   5   3   3   5   3   1   5   8   7  11  10   3
DST1808*07  X220   0  10   9   3   0   3   1   4   9  11  12   7   8  14  10  14  15  18  17   9   0   0   2   6   9   8
DST1808*08  X220   0   9   5   1  -2  -3  -3  -2  -2   0   3   2   0  -1   0  -2  -3  -2  -5  -7  -6  -5  -5  -4  -3  -1
DST1808*09  X220   0  -5  -8  -9 -12 -10  -7  -6  -5  -3  -1  -1  -2  -5  -5  -5  -6  -5  -7  -6  -5  -2   1   3   4  -4
DST1808*10  X220   0   4   3  -1   0   0   3   6   7   7   8  10   8   8   8   7   3   3   3   1   2   0   0  -1   1   4
DST1808*11  X220   0   3   3   5   6   8   3   1   6   1   4   7   8   6   3  -7  -8  -2   2   2   1  -3 -14 -17 -15   0
DST1808*12  X220   0 -10  -6  -5  -6  -5  -4  -2   0  -1  -2  -3  -3  -1   7   9   9   7   5  -1  -8  -7  -6  -5  -3  -2
DST1808*13  X220   0  -3  -3  -2  -5  -6  -7  -6  -4  -5 -10 -13 -14 -14 -14 -11 -10  -7  -5  -4  -3  -3  -4  -1  -3  -7
DST1808*14  X220   0  -3  -1   1   0  -1  -2   1   2   1   2   4   5   3   4   6  10  12  13  14  15  15  14  11  12   6
DST1808*15  X220   0  12  10  10   9   9   9   3  -4 -11  -6  -3  -9 -22 -32 -32 -30 -24 -22 -26 -22 -15 -18 -24 -26 -11
DST1808*16  X220   0 -26 -28 -31 -34 -35 -33 -26 -20 -14 -11 -13 -19 -20 -16 -13 -15 -17 -16 -20 -21 -17 -18 -17 -17 -21
DST1808*17  X220   0 -18 -23 -24 -35 -38 -30 -30 -30 -26 -26 -24 -23 -22 -20 -18 -18 -19 -19 -20 -23 -25 -22 -19 -17 -24
DST1808*18  X220   0 -20 -17 -14 -11 -10 -18 -19 -19 -22 -20 -15 -15 -16 -14 -12 -17 -24 -26 -21 -18 -16 -17 -20 -22 -18
DST1808*19  X220   0 -20 -19 -17 -15 -17 -20 -21 -19 -16 -11 -10  -9  -8  -6  -5  -3  -3   3   5   7  11  14   6  -8  -8
DST1808*20  X220   0 -15 -19 -13 -11 -13  -7  -1  -6  -7  -8  -9 -11 -11 -13 -12 -10 -14 -20 -20 -19 -17 -17 -14 -12 -12
DST1808*21  X220   0 -17 -17 -14 -13 -13 -12 -11  -8  -7  -8 -11 -11 -13 -13 -14 -16 -17 -14 -10  -8  -5  -3  -2  -5 -11
DST1808*22  X220   0  -6  -5  -8 -14 -13  -9  -8  -8  -7  -7  -5  -4  -6  -8  -8 -10 -11 -10  -8  -6  -7  -6  -7 -11  -8
DST1808*23  X220   0 -13 -15 -14 -10  -8  -8  -8  -8  -8  -5  -6  -8  -9  -7  -9 -14 -15 -12 -13 -12 -12 -11 -10 -11 -10
DST1808*24  X220   0 -10  -8 -10  -9  -7  -7  -5   3   5   4   4   2   3  -3 -10 -13 -10  -7  -4  -4  -5  -6  -4  -4  -4
DST1808*25  X220   0  -3  -3  -1   2   5   5   5   8  16  11  15  13  14  17  13  10   8   5  -9 -26 -36 -31 -34 -50  -2
DST1808*26  X220   0 -60 -73 -85-104-129-156-175-176-153-159-143-130-113 -94 -80 -83 -86 -85 -75 -74 -81 -75 -69 -64-105
DST1808*27  X220   0 -62 -60 -60 -61 -63 -62 -68 -72 -70 -66 -61 -61 -58 -55 -59 -65 -64 -61 -56 -55 -53 -50 -49 -48 -60
DST1808*28  X220   0 -47 -45 -45 -44 -43 -42 -42 -44 -42 -43 -43 -40 -42 -46 -49 -48 -43 -38 -36 -34 -33 -32 -28 -28 -41
DST1808*29  X220   0 -31 -33 -35 -36 -37 -37 -37 -36 -35 -35 -35 -37 -39 -41 -43 -41 -41 -38 -34 -33 -36 -33 -32 -34 -36
DST1808*30  X220   0 -33 -32 -29 -26 -27 -27 -27 -29 -29 -28 -28 -27 -27 -28 -29 -29 -28 -25 -27 -31 -31 -30 -27 -25 -28
DST1808*31  X220   0 -27 -26 -26 -23 -20 -15 -10 -13 -15 -15 -15 -16 -12 -12 -19 -23 -22 -23 -22 -13 -15 -18 -19 -21 -18

