DST2003*01  X220   0 -23 -14 -12 -10 -11 -11 -13 -18 -18 -13 -15 -15 -17 -18 -17 -16 -19 -19 -18 -15 -13 -11 -11 -14 -15
DST2003*02  X220   0 -16 -17 -17 -19 -18 -16 -14 -14 -14 -14 -12  -9  -7  -7  -5  -1  -2  -5  -4  -4  -4  -1   1  -1  -9
DST2003*03  X220   0  -3  -7 -12 -13 -12 -11 -12 -14 -15 -12  -9 -10 -13 -14 -11  -9  -8 -13 -12  -9  -9  -7  -7  -9 -10
DST2003*04  X220   0 -11  -6  -3  -5  -4  -5  -4  -6  -8  -7  -6  -6  -9 -12 -15 -21 -22 -23 -24 -19 -13  -9  -6  -6 -10
DST2003*05  X220   0  -3  -1   0  -1  -4  -5  -4  -5  -3  -1   3  -1  -3   0   1   1  -4  -5   1   3   2   3   5   4  -1
DST2003*06  X220   0   2   3   5   1   2   6   9   2   3   5   3  -2  -6  -7  -9 -10 -12 -10  -8  -4  -3   0   1   3  -1
DST2003*07  X220   0   4   6   3  -3  -5  -8 -13 -19 -24 -17  -9  -7  -8  -9  -9  -8  -6  -4  -3  -2  -4  -2  -2  -2  -6
DST2003*08  X220   0  -4  -6  -5  -5  -9  -9  -8  -8  -8  -8  -7  -6  -8 -11 -12 -13 -10  -5  -5  -8 -10  -6   0   1  -7
DST2003*09  X220   0   3   4   7   2  -4  -6 -10  -6  -3  -2   0   2   1   0  -2   0   0  -5  -5  -7  -6  -7  -9 -10  -3
DST2003*10  X220   0  -8  -4  -1  -1  -1  -2  -5  -7  -4  -5  -6  -6  -6  -6  -5  -2  -1   0  -1  -1  -1  -1  -1   0  -3
DST2003*11  X220   0   0   2   3   0   0   3   5   4   5   3   2   2   3   4   5   5   5   3   5   5   4   2   2   1   3
DST2003*12  X220   0   0   1  -1  -4  -5  -4  -8 -10 -10  -9  -6  -3  -2  -7 -10 -12 -12 -13 -15 -17 -16 -15 -12 -14  -9
DST2003*13  X220   0 -17 -13 -16 -16 -11  -8  -9 -12 -12 -17 -17 -11 -10 -11 -13 -14 -14 -17 -16 -16 -17 -17 -15 -15 -14
DST2003*14  X220   0 -15 -13 -10  -9  -8  -8  -7  -5  -5  -5  -6  -7  -5  -8  -8  -8  -7  -7  -9  -8  -8  -7  -6  -6  -8
DST2003*15  X220   0 -10 -12 -12  -9  -8  -3  -1   1   2   3   4  -1  -4  -7  -8  -2   2   3   0  -2  -2   0   0  -2  -3
DST2003*16  X220   0  -8  -8  -8  -9 -10  -6  -2   3   2   3   4  -1  -8 -12 -13 -14 -15 -13 -12  -7  -5  -1   4   3  -6
DST2003*17  X220   0  -5  -8  -5  -4  -1   0  -1  -4  -9 -15 -11  -9  -9 -10 -11 -14 -14 -11  -9  -8 -11 -10 -11 -10  -8
DST2003*18  X220   0 -11  -9  -4  -2  -3  -1   0  -1   1   3   3   3   5   3  -8  -9  -9  -9  -9 -14 -14  -9  -6  -4  -4
DST2003*19  X220   0 -12 -24 -23 -22 -21 -17 -16 -17 -19 -15 -14 -10 -10 -11 -18 -19 -22 -21 -23 -26 -29 -25 -24 -23 -19
DST2003*20  X220   0 -21 -19 -18 -18 -16 -14 -14 -13 -13 -10  -6  -7  -7  -7 -11 -15 -21 -23 -25 -28 -28 -28 -34 -35 -18
DST2003*21  X220   0 -32 -26 -20 -15 -13 -17 -28 -31 -26 -22 -14 -12 -16 -11 -18 -19 -17 -16 -14 -14 -12 -14 -16 -17 -18
DST2003*22  X220   0 -11  -8  -8 -12 -14 -14  -9  -9 -10 -12  -9  -7  -9 -11 -12 -14 -12  -9 -11 -13 -20 -21 -16 -18 -12
DST2003*23  X220   0 -19 -16 -17 -16 -13 -11 -12 -12 -11 -11 -14 -18 -15 -16 -15 -15 -16 -14 -17 -19 -16 -17 -15 -18 -15
DST2003*24  X220   0 -20 -23 -18 -16 -16 -14 -13 -13 -11  -8  -4  -4  -6  -9 -10  -8  -5  -4  -4  -3  -6  -9 -11 -11 -10
DST2003*25  X220   0 -13 -15 -12 -11 -10  -9  -6  -7  -7  -9  -9  -6  -4  -7  -8  -7  -6  -6  -5  -7  -7  -6 -10 -13  -8
DST2003*26  X220   0 -15 -17 -16 -11  -6  -4  -2  -3  -3  -4  -5  -2  -2  -2  -3  -1  -2  -5  -5  -3  -5  -4  -4 -11  -6
DST2003*27  X220   0 -15 -17 -14 -10  -9  -8  -8  -7  -7  -5  -6  -6  -7 -11 -10 -12 -12 -11 -10 -10  -8  -5  -4  -6  -9
DST2003*28  X220   0  -9 -13 -13 -11  -8  -7  -3  -3  -4  -4  -5  -6  -5  -5  -6  -8  -8  -7  -7  -7  -8  -8 -12 -13  -8
DST2003*29  X220   0 -10  -9  -9 -10  -9  -6  -3  -4  -4  -2   3   1  -3 -12 -16 -17 -17 -14 -15 -16 -22 -23 -23 -25 -11
DST2003*30  X220   0 -22 -19 -13  -8 -12 -10  -9  -8  -9 -14 -13 -12 -12 -15 -14 -13 -10 -18 -20 -28 -33 -31 -26 -23 -16
DST2003*31  X220   0 -28 -38 -45 -43 -33 -25 -24 -27 -21 -14  -9  -8 -13 -24 -27 -30 -28 -22 -22 -23 -17 -17 -19 -20 -24

