DST2012*01  X220   0 -16 -15 -16 -16 -16 -16 -14 -13 -13 -13 -12 -11 -12 -12 -12 -11 -10 -11 -13 -13 -12 -11 -12 -13 -13
DST2012*02  X220   0 -14 -14 -15 -14 -13 -14 -14 -15 -11  -7  -7  -5  -6  -4  -1   0   1   0  -1   0  -1   0   0  -2  -7
DST2012*03  X220   0   0   1  -2  -4  -4  -4  -4  -6  -7  -9 -10 -13 -12  -9  -6  -8 -15 -17 -17 -14 -11 -13 -13  -9  -9
DST2012*04  X220   0 -10 -11 -12 -11 -10  -8  -7  -7  -7  -9 -12 -13 -13 -13 -15 -14 -14 -13 -13 -11  -9  -8  -9  -7 -11
DST2012*05  X220   0  -5  -7  -8  -8  -8  -7  -6  -3  -5  -6  -8  -7  -9  -5  -5  -3  -2  -1   1   1  -3  -4  -5  -4  -5
DST2012*06  X220   0  -1  -4  -6  -9  -9  -5  -5  -7  -5  -3  -6  -8  -5   0   4   2  -1  -1   1   3   0  -1  -5  -6  -3
DST2012*07  X220   0  -4  -5  -7  -7  -6  -3  -5  -7  -4  -6  -8 -10 -12 -12  -9 -10 -12 -11 -11 -11  -9  -8  -7  -7  -8
DST2012*08  X220   0  -8  -8 -11 -14 -12  -9  -9 -10 -13 -16 -18 -12  -6  -5  -4   0   2  -3  -5  -3  -4  -6  -8 -11  -8
DST2012*09  X220   0 -11 -10  -9  -5  -7  -4  -5  -5  -4  -3  -3  -3  -3  -5  -3  -4  -2  -9 -10  -7  -9 -13 -13 -11  -7
DST2012*10  X220   0  -9  -8  11  13   6   4   3   1   0  -3  -4  -1  -2  -2  -2  -4  -7  -9  -8 -11 -11  -8  -4  -1  -2
DST2012*11  X220   0  -3  -7  -9   0  -1  -7 -11 -11 -12 -15 -12 -12 -14 -12 -13 -10 -10  -9  -8  -9 -10  -9  -9  -7  -9
DST2012*12  X220   0  -6  -6  -7  -9 -10 -11 -12 -13 -10  -7  -7  -7  -4  -3   0  -3  -2   0   2   2  -1  -3  -1  -3  -5
DST2012*13  X220   0  -3  -5  -7 -10 -14 -17 -19 -18 -15 -12 -11  -9  -8  -9 -11  -9 -10  -9  -8  -5  -9 -11 -12 -12 -11
DST2012*14  X220   0  -9  -8  -9  -9 -11  -9  -6  -6  -7 -10 -10 -10 -10 -11  -8  -3  -2  -3  -3  -4  -6 -10 -11 -12  -8
DST2012*15  X220   0 -11 -10  -9  -7  -8  -9 -11 -11 -12 -13 -11  -9  -5  -4   0   5   6   5   6   5   3   1   1  -1  -4
DST2012*16  X220   0   1   3  -1  -7  -7  -7  -4  -1   1   1  -3  -3  -4  -5  -5  -4  -1   0   1   0  -4  -4  -5  -3  -3
DST2012*17  X220   0   0   0   1   2  -1  -2  -2  -3  -2  -1  -2  -1  -3  -1   1  -2  -2  -2   0   1  -1  -3  -4  -5  -1
DST2012*18  X220   0  -5  -3  -1   2   1  -1  -2  -1   0   0   3   6   7   7   5   5   3   3   5   5   2   1  -1   0   2
DST2012*19  X220   0   1   1   2   5   2  -1  -1   0   0   8   8   6   1  -8  -5  -3  -4  -3  -5  -7  -9 -10 -11 -14  -2
DST2012*20  X220   0 -15 -16 -15 -12 -10 -11 -13 -14 -19 -19 -16 -12 -13 -16 -16 -13  -9  -3   0   0   0  -3  -5  -3 -11
DST2012*21  X220   0  -1   1   3   0  -3  -8 -14 -17 -16  -5  -9  -6  -5  -6  -4  -7  -4  -4  -4  -5 -12 -16 -15  -4  -7
DST2012*22  X220   0  -6  -7 -15 -22 -20 -18 -15 -17 -24 -28 -26 -23 -19 -18 -15 -12  -7  -7  -5  -9 -14 -13 -14 -11 -15
DST2012*23  X220   0 -10 -12 -14 -12 -10 -10 -16 -15 -14 -17 -13 -13 -14 -15 -13 -12 -13 -13 -14 -15 -12 -11 -10  -8 -13
DST2012*24  X220   0  -7  -8  -9 -10 -12 -10 -13 -17 -23 -26 -20 -20 -17 -19 -20 -21 -19 -20 -20 -19 -17 -18 -18 -15 -17
DST2012*25  X220   0 -14 -13 -12 -12 -11 -11 -12 -10 -11 -13 -12 -11 -12 -12 -11 -11 -13 -11 -11 -12 -14 -15 -15 -12 -12
DST2012*26  X220   0  -8  -8  -9 -10 -14 -15 -12 -12 -12 -11  -9  -7  -6  -6  -5  -4  -7  -6  -5  -8 -10  -7  -3   4  -8
DST2012*27  X220   0   3  -1  -7  -7  -7  -9  -9 -11  -9 -10  -8  -2   0   0   0   0   1  -3  -4  -7  -8  -7  -7  -6  -5
DST2012*28  X220   0 -10 -15 -11  -8  -8  -8 -10 -12 -15 -19 -16 -15  -9  -9 -11  -9  -9  -6  -5  -8  -8  -9 -13 -12 -11
DST2012*29  X220   0 -10  -6  -4  -4  -6  -2   1   0  -7 -12  -9  -4  -2  -4  -5  -6  -7  -5  -6  -9  -8 -10 -11  -7  -6
DST2012*30  X220   0  -3  -1  -2  -4  -4  -1   1  -5 -15 -18 -15  -6  -5  -7 -13 -12 -12 -11 -11  -9  -8  -6  -8 -10  -8
DST2012*31  X220   0  -8  -7  -5  -4  -3  -6  -8 -10 -12 -14 -11 -10 -10  -9  -6  -6  -6  -7  -6  -3  -2  -1  -4  -3  -7

