DST1906*01  X220   0  -9  -9  -9  -8 -10 -12 -12 -11 -10  -9 -11 -10  -9  -9  -8  -9  -9  -8  -6  -5  -5  -5  -6  -6  -9
DST1906*02  X220   0  -4   0   3   3   2   0  -2  -3  -2  -2  -3  -5  -5  -6  -6  -8  -8  -3   1   2  -2  -7  -9 -10  -3
DST1906*03  X220   0  -9  -6  -1   0   0   0  -1  -1   1   7   9   8   8   7   5   2  -1   1   3   4   5   1  -1  -2   2
DST1906*04  X220   0  -2   0   2   3   2  -3  -7  -9 -11  -8  -4  -4  -1   1   2  -3 -11 -18 -20 -20 -28 -29 -26 -22  -9
DST1906*05  X220   0 -19 -16 -13 -10 -10 -11 -13 -14 -13 -10 -10  -9  -7  -6  -5  -7 -11 -11 -12 -10 -12 -14 -13  -8 -11
DST1906*06  X220   0  -5  -6  -6  -6  -6  -5  -4  -3  -4  -6  -4   0   1   3   3   3   2   1  -1  -5  -5  -4  -3  -3  -3
DST1906*07  X220   0  -2  -1  -4  -4  -4  -4  -4  -3  -1   1   1   2   4   5   2   1  -1   0   0  -1   0  -1   1  -1  -1
DST1906*08  X220   0  -3  -3  -4  -3  -1  -1  -1  -2  -2   0  13  17  20  22  25  20  23  15   5  -2  -5 -12 -12 -17   4
DST1906*09  X220   0 -16 -15 -11 -10 -13 -15 -18 -21 -19 -19 -17 -16 -17 -18 -19 -19 -17 -14 -14 -13 -13 -12 -11  -8 -15
DST1906*10  X220   0  -5  -3  -2  -4  -6  -7  -9 -10  -9 -10 -11  -9  -7  -7  -7  -8  -7  -4  -3  -4  -6  -5  -5  -6  -6
DST1906*11  X220   0  -7  -9 -10  -9 -10  -6  -5  -4  -3  -2  -4  -3  -1   1   3   3   1  -1  -1  -3   2   3   4   4  -2
DST1906*12  X220   0   2  -3  -2  -1   0   4   6   8  10  14  14   9   5   6   5   4   4   2  -1  -3  -3  -4  -4  -3   3
DST1906*13  X220   0   2   3   1   1  -1   3   6   3   2   0   0   3   3   3   1   1   4   8  12  11   8   8   3  -9   3
DST1906*14  X220   0  -9  -6  -2  -2  -4  -8 -11  -7  -5  -5  -7  -8  -7  -7  -4  -2  -3  -1   0  -3  -6  -8  -8  -7  -5
DST1906*15  X220   0  -4   0   3   1  -1  -1  -3  -4  -5  -6  -4  -6  -7  -5  -6  -5  -8  -6  -6  -9 -11 -10 -10 -12  -5
DST1906*16  X220   0 -13 -13 -13 -12 -10 -11  -9  -6  -5  -4  -5  -7 -10  -9  -7  -8 -10  -9  -7  -6  -5  -9 -11 -12  -9
DST1906*17  X220   0 -13 -11  -9  -6  -5  -4  -6  -7  -8  -7  -4  -5  -7  -7  -4  -2  -1   1   2   2   2   2   1   4  -4
DST1906*18  X220   0   4   4   5   5   7   5   3   3   4   3   2   3   1   4   1   0   0  -2  -2   2   6   7   8   7   3
DST1906*19  X220   0   5   8   9  10  11  12  11  10   7   7   7   5   3   3   7   6   5   7  10  10   9   8   6   6   8
DST1906*20  X220   0   7   7   9  12  10   6  -2  -7 -13 -15 -18 -12  -5  -6  -7 -10  -9  -6  -5  -3  -4  -8 -10  -6  -4
DST1906*21  X220   0   1   6  11  13  12   6   2   2   0  -1  -2  -4  -2  -1   1  -1  -2  -1   1   2   5  10   8   3   3
DST1906*22  X220   0   2   1   0  -1   0  -3  -5  -6  -3  -4  -3   1   4   2   3   6   6   5   6   6   5   3   3   3   1
DST1906*23  X220   0   3   3   4   4   0  -1  -1  -2  -1  -2  -2  -3  -4  -8  -8  -7  -6  -5  -3  -3  -3  -4  -4   0  -2
DST1906*24  X220   0   9  12  10   6   1   2   3   2   0   3   1  -1  -2  -2  -4  -1  -1   2   3  -1  -1   1   2   2   2
DST1906*25  X220   0   0  -1   0   1   1   0   1  -1   0   4   2   0  -1  -2  -2  -3  -4  -4  -2   1   7   9   4   3   1
DST1906*26  X220   0   0  -1   0   1   0  -2  -2  -1  -4  -8  -9  -7  -6  -3  -5  -9 -12 -10  -7  -3   1   2   4   7  -3
DST1906*27  X220   0  10  11   8   5   2   1  -1  -3  -4  -4  -3  -2  -4  -8  -9  -7  -5  -3   0   7  11  12   9   9   1
DST1906*28  X220   0   8   5   4   1  -1  -2  -1  -2  -3  -1   0  -1   0  -3  -6  -7  -7  -7  -7 -10 -10  -8  -5  -4  -3
DST1906*29  X220   0   0   3   3   1  -2  -4  -5  -4  -2  -2  -3  -3  -4  -6  -5  -2   0   3   5   6   8   6   5   3   0
DST1906*30  X220   0   4   5   6   5   6   3   2   1   3   4   5   7   6   3   0  -1  -3  -4  -3   0   2   3   4   3   3

