DST2008*01  X220   0  -2  -5  -8  -6  -5  -5  -4  -3  -3   0   1   0   2   2   2   3   3   7   9  10  10   7   9  14   2
DST2008*02  X220   0  17  15   8   4   2   8  15  13  19  22  21  10  -6 -19 -17 -19 -18 -10  -1   1   6  -6 -11  -6   2
DST2008*03  X220   0  -3  -1  -3 -22 -21 -20 -24 -21 -28 -30 -19 -15 -11 -12 -13 -13  -7 -10 -15 -18 -19 -18 -23 -19 -16
DST2008*04  X220   0 -15 -14 -19 -24 -23 -18 -15 -13 -11 -10  -9  -8 -10 -10 -10  -7  -5  -6  -5  -8 -14 -11 -13 -15 -12
DST2008*05  X220   0 -12  -9 -12 -14 -14 -17 -16 -14 -12 -11 -12 -12 -11 -11  -9  -6  -6  -8  -6  -8  -8  -9 -14 -16 -11
DST2008*06  X220   0 -17 -16 -14  -9  -5  -2  -1  -2  -3  -5  -5  -5  -8 -12 -11 -10 -11 -13 -14 -13  -7  -9 -16 -17  -9
DST2008*07  X220   0 -14 -14 -15 -15 -16 -14  -7  -5  -4  -3  -4  -2   0   1   0  -1  -3  -3  -1  -1  -2  -4  -5  -2  -6
DST2008*08  X220   0  -4  -6  -6  -6  -6  -8 -10 -12 -13  -8  -7  -7 -11 -12 -12 -14 -15 -14 -14 -13  -9  -4  -3  -4  -9
DST2008*09  X220   0  -6  -8  -9 -10  -9  -8  -4  -4  -4  -8 -10 -12 -11 -11 -10  -7  -7  -7  -6  -2   2   2   3   5  -6
DST2008*10  X220   0   2   3   4   3  -1  -2  -6  -8  -8 -10  -8  -7  -9  -8  -5  -2  -4  -4  -3   0   1   0  -1  -2  -3
DST2008*11  X220   0   0   0  -5  -8  -8  -8  -6  -6  -7  -6  -6  -7  -7  -3  -2  -2  -2  -1   2   4   3   1   4   8  -3
DST2008*12  X220   0   8   8  10   7   4   0  -1  -1  -3  -1  -1  -1  -1   2   3   4   5   4   2   2   3   4   3   0   3
DST2008*13  X220   0  -1  -1  -2  -4  -4  -1   1   4   3   2  -1  -2  -2  -1  -1  -1  -1  -2  -4  -4  -1  -3  -7  -7  -2
DST2008*14  X220   0  -4   0   3   2  -1   1   1  -1   0   2   4   3   2   2   3   4   3   0  -3  -7 -11 -11 -13 -14  -1
DST2008*15  X220   0 -12  -6  -4  -1   2   3   1  -2   1   6   7   8   9   9   6   2   1   0  -3  -7  -7  -2  -4  -5   0
DST2008*16  X220   0  -1  -3  -3  -6  -5   1   4   5   7   9   8   6   4   2   3   5   6   7  11  11  11  13  12   7   5
DST2008*17  X220   0   7   7   8   7  12  14  14  13  10   4   4   5   8   5   4   6   6   2   1   2   4  -1  -2  -2   6
DST2008*18  X220   0  -1  -3   1   6   8   8  10   5   4   7   2  -3  -9  -4   1   2   5   1  -2   1  -1   0 -10 -11   1
DST2008*19  X220   0 -13 -13 -16 -16 -17 -19 -16 -11  -9 -10 -11 -10  -9  -6  -5  -6  -7  -7  -8  -8  -9 -12 -17 -17 -11
DST2008*20  X220   0 -10  -2   2   8  10   9   6   6   8   8   3   5   8   9   9   7   6   4   1   1   1  -1   0  -1   4
DST2008*21  X220   0   0   5   7   6   8  10  10  12  12   9   6   5   6   7  10  10   7   6   2  -4  -6  -8  -7  -6   4
DST2008*22  X220   0  -2  -1  -2  -3  -1   0  -1  -5  -7  -4  -6  -5  -7  -8  -4  -2  -2  -5  -8  -7  -4  -1  -6 -11  -4
DST2008*23  X220   0 -15 -11  -8  -5  -8  -5  -5  -4  -5  -5  -4  -5  -8 -10  -9  -6  -1   2   2   1  -5 -12  -7 -11  -6
DST2008*24  X220   0  -8  -7  -4  -2  -1  -3  -3  -2  -2  -2  -2  -1   0   0  -3  -3  -1   1   0  -2  -3  -3  -2  -2  -2
DST2008*25  X220   0  -1   2   3   6   9  11  14  14  13  13  12   7   2   0   6  13   9   9  10  12   9   7   6   5   8
DST2008*26  X220   0   5   2   0  -7  -6  -6 -10  -9  -8  -8 -10  -8  -8  -6  -2   0  -1  -7  -7  -7  -5  -6 -10 -13  -6
DST2008*27  X220   0 -16 -15 -13 -14 -14 -15 -15 -12 -11  -9  -6  -4 -10 -10  -6  -4  -4  -6  -9 -12 -12  -9  -7  -8 -10
DST2008*28  X220   0  -8  -9  -9  -8  -7  -5  -7  -6  -4  -1  -2  -4  -6  -2   4   4   0  -2   0  -2  -7 -10 -15 -22  -5
DST2008*29  X220   0 -23 -20 -21 -22 -23 -26 -24 -29 -29 -27 -22 -20 -20 -19 -18 -14 -14 -14 -16 -20 -15 -17 -15 -13 -20
DST2008*30  X220   0 -12 -13  -9  -9 -16 -27 -27 -17 -13 -12 -14 -14 -17 -18 -17 -13 -13 -15 -18 -20 -20 -22 -21 -33 -17
DST2008*31  X220   0 -39 -36 -31 -28 -33 -33 -27 -23 -24 -17 -13 -16 -23 -21 -16 -23 -21 -20 -17 -17 -22 -24 -19 -16 -23

