DST1701*01  X220   0 -12 -12 -15 -22 -29 -31 -28 -21 -17 -16 -12 -14 -12 -10 -11 -11 -13 -15 -11  -9 -10 -10 -10  -7 -15
DST1701*02  X220   0  -4  -5  -7  -9 -11 -10 -11 -15 -14 -11 -12 -12 -16 -21 -27 -27 -24 -21 -18 -16 -14 -12 -13  -7 -14
DST1701*03  X220   0  -6  -6  -4  -3  -5  -4   1   6   3   7  -5 -16 -20 -19 -16 -15 -15 -21 -25 -19 -18 -20 -18 -16 -11
DST1701*04  X220   0 -11  -7  -3   2  12  12   8   3   0  -2  -4  -4  -5 -10  -6  -4 -15 -14 -16 -21 -23 -27 -22 -21  -7
DST1701*05  X220   0 -20 -18 -17 -17 -11  -6 -10 -10 -11 -10  -9  -5  -2  -1  -2  -3  -9 -16 -14  -9  -9 -13 -19 -32 -11
DST1701*06  X220   0 -29 -29 -28 -20 -16 -15 -18 -20 -15 -18 -18 -15 -12 -18 -19 -15 -15 -18 -17 -14 -14 -15 -13 -13 -18
DST1701*07  X220   0 -15 -17 -13 -12 -12 -15 -17 -15 -12 -10  -9 -10  -9 -16 -15 -13 -16 -18 -18 -19 -19 -21 -24 -20 -15
DST1701*08  X220   0 -16 -16 -16 -13 -12 -13 -14 -12 -12 -19 -17 -17 -18 -17 -15 -18 -23 -22 -20 -18 -20 -22 -27 -30 -18
DST1701*09  X220   0 -28 -24 -22 -21 -19 -17 -16 -13 -12 -11 -10 -13 -15 -16 -22 -20 -19 -18 -15 -12 -14 -16 -19 -18 -17
DST1701*10  X220   0 -20 -21 -19 -17 -17 -16 -11  -5  -4  -6  -8  -9 -10 -15 -12 -10 -16 -23 -21 -22 -22 -19 -17 -16 -15
DST1701*11  X220   0 -17 -13 -10  -8 -10 -13 -17 -15 -12  -7  -4  -2  -5 -11 -12 -10  -8 -10 -12 -13 -17 -19 -16 -13 -11
DST1701*12  X220   0 -10  -9  -6  -7  -7  -7  -6  -2   2   2   1   0  -2  -4  -5  -7  -7  -4  -3  -4  -6  -6  -7  -8  -5
DST1701*13  X220   0  -6  -5  -1   0  -1  -1   0   1   1   0  -2  -2  -3   1   2   0  -2   1  -1   1   0   2   1   1  -1
DST1701*14  X220   0  -7  -6  -2  -2  -2  -4  -2   0   3   4   3   2   3   1   0   2   2   3   5   4   5   6   3   3   1
DST1701*15  X220   0   4   5   5   5   7   8   8  10   9   8   5   7   7   3   6   4   2  -2  -3  -2  -3  -4  -5  -2   3
DST1701*16  X220   0   2   5   3   3   6   8   9  11  10   7   5   6   6   6   7   8   7   6   7   5   5   3   1   2   6
DST1701*17  X220   0   3   2   0  -1  -1   0   0   2   4   6   6   7   5   4  -1  -4  -3   1   5   7   9   8  10  18   4
DST1701*18  X220   0  21  24  27  33  33  17  11   4  -4 -12 -10  -7  -5 -15 -23 -22 -18 -17 -19 -19 -22 -17 -16 -16  -3
DST1701*19  X220   0 -19 -23 -29 -32 -25 -20 -16 -17 -23 -20 -17 -14 -12 -15 -13 -11 -11 -10 -14 -15 -15 -13 -12 -13 -17
DST1701*20  X220   0 -13 -14 -15 -13 -11 -10 -11  -7  -8 -11 -12 -11 -14 -14 -16 -12  -9 -11 -14 -12 -10  -8  -7  -9 -11
DST1701*21  X220   0 -14 -13 -10  -8  -7  -7  -9 -11  -8 -10  -8  -8 -11 -12  -9  -4   4  -3  -7 -15 -18 -15 -16 -12 -10
DST1701*22  X220   0 -11 -23 -28 -24 -12  -9  -8 -10 -12 -12 -13 -12 -16 -16 -12 -11 -11 -11  -7  -8 -10 -11 -10  -9 -13
DST1701*23  X220   0 -11 -14 -16 -14 -10  -8  -8  -5  -2  -3  -2  -3  -6  -7  -7  -5  -4  -5  -5  -7  -7  -9  -8  -6  -7
DST1701*24  X220   0  -9 -13 -15 -15 -12  -9  -8  -9  -8  -7  -6  -5  -6  -5  -4  -1   1  -5  -8  -8  -9  -8  -5  -2  -7
DST1701*25  X220   0   1   1  -4  -7  -9  -9  -9  -8  -4  -3  -2  -1   0  -1  -1   2   2   0   0   2   3   0  -1   1  -2
DST1701*26  X220   0   3   3   1   2   3   1   0   0   4   2   6  13  13   5  -4  -5  -3 -14 -24 -25 -21  -8  -3  -2  -2
DST1701*27  X220   0 -12 -22 -18 -18 -20 -16 -21 -27 -22 -20 -19 -13 -12 -14 -12 -11  -9 -11 -13 -14 -13 -14 -16 -13 -16
DST1701*28  X220   0 -10  -9  -7  -8  -9 -10 -11 -11 -11 -12  -9  -9  -9  -8  -6  -7  -9  -9  -9  -7  -9 -11 -12  -8  -9
DST1701*29  X220   0  -8 -11 -10 -11 -13 -13 -12 -11 -10  -9  -8  -5  -2  -4  -6  -3  -3  -6  -9  -7  -6  -4  -3  -3  -7
DST1701*30  X220   0  -4  -4  -3   1   4   6   8   7   5   7  13  15  15   5   2   1  -1  -5  -6  -4  -4  -6  -6   0   2
DST1701*31  X220   0   2   1   1  -1   1   1   0   5   8 -12  -8  -3  -8  -4  -4  -5 -22 -27 -29 -19 -22 -18 -21 -18  -8

