DST1811*01  X220   0   4   6   4   4   5   8   9   6  -2  -2   0  -2  -3  -3  -5  -5  -3   2   0  -2  -3  -1   1   0   1
DST1811*02  X220   0   0   1   2   3   3   3   5   6   6   7   7   6   3   1   3   2   2   2   5   5   5   7  10  10   4
DST1811*03  X220   0   7   4   0   0   0   1   2   2   1   1   3   4   3   3   3   2   1   2   0  -1  -2  -2  -1   1   1
DST1811*04  X220   0   4   7   9   9   9  10  12  13  10  12  11   5  -3  -5 -12 -20 -25 -26 -36 -41 -31 -24 -12 -22  -6
DST1811*05  X220   0 -24 -15 -14 -22 -26 -57 -56 -48 -51 -50 -43 -51 -53 -47 -41 -43 -47 -52 -51 -43 -40 -40 -34 -32 -41
DST1811*06  X220   0 -30 -26 -25 -23 -23 -24 -28 -32 -35 -38 -37 -35 -34 -28 -28 -29 -27 -24 -25 -23 -18 -16 -17 -19 -27
DST1811*07  X220   0 -20 -19 -20 -23 -26 -27 -27 -26 -28 -28 -25 -24 -23 -21 -21 -21 -20 -16 -14 -11 -18 -23 -25 -20 -22
DST1811*08  X220   0 -16 -14 -16 -21 -17 -14 -15 -21 -21 -23 -27 -26 -23 -19 -18 -22 -25 -24 -23 -20 -19 -20 -21 -23 -20
DST1811*09  X220   0 -22 -19 -18 -17 -16 -18 -18 -16 -15 -14 -16 -19 -24 -27 -27 -25 -15 -23 -25 -32 -43 -47 -44 -38 -24
DST1811*10  X220   0 -31 -25 -18 -16 -18 -19 -17 -16 -14 -19 -22 -25 -26 -26 -26 -22 -20 -20 -19 -26 -27 -22 -19 -12 -21
DST1811*11  X220   0 -21 -20 -20 -17 -17 -18 -20 -18 -17 -18 -19 -22 -21 -17 -12  -9  -7  -8 -12 -14 -16 -13 -12 -12 -16
DST1811*12  X220   0  -9 -11 -11 -12 -11 -18 -26 -31 -30 -26 -28 -29 -24 -22 -21 -18 -16 -14 -15 -20 -21 -20 -19 -18 -20
DST1811*13  X220   0 -19 -17 -18 -18 -18 -18 -16 -15 -17 -17 -16 -15 -17 -18 -17 -17 -15 -15 -16 -14 -11 -11 -11 -12 -16
DST1811*14  X220   0 -10 -10 -10  -9  -8  -7  -4  -4  -3  -5  -4  -4  -4  -5  -3  -3  -2  -3  -4  -4  -7 -10 -12 -13  -6
DST1811*15  X220   0 -11 -11 -10 -11 -11  -9  -8  -7  -7  -8  -7  -7  -7  -8  -8  -5  -4  -3  -2  -2  -3  -4  -4  -2  -7
DST1811*16  X220   0  -1   0   0  -1  -5  -4  -4  -6  -4  -3  -2  -2  -4  -4  -6  -6  -5  -2  -3  -3  -3  -3  -1   0  -3
DST1811*17  X220   0   0  -1   0  -1  -3  -6  -7  -7  -6  -5  -6  -7  -7  -6  -4  -3  -4  -8  -8  -8  -9  -9  -9 -10  -6
DST1811*18  X220   0  -9 -10  -9 -10  -7  -5  -3  -4  -2  -2  -3  -2  -3  -4  -3   2   1   0  -2   0   3   5   7   8  -2
DST1811*19  X220   0  10   9   6   2  -1  -1  -3  -4  -1  -2  -1  -2  -2  -2  -3  -5  -8 -11 -13 -10  -8  -3   0   0  -2
DST1811*20  X220   0   7   5  -2  -3  -5  -6 -11  -7  -7  -5  -7  -7  -9  -7  -5  -5  -5   0   0   2   3  -2  -1   2  -3
DST1811*21  X220   0   7   9   7   4   4   9   6   0   0  -5  -7  -7  -8  -8 -10  -9 -10 -11 -12 -12  -9  -7  -7  -8  -4
DST1811*22  X220   0  -7  -7  -9  -7  -9 -10 -10 -10  -9  -8  -5  -4  -3  -3  -4  -3  -7  -8  -9  -7  -6  -1   2   2  -6
DST1811*23  X220   0   4   3   2  -1   0   2   4   6   3   3   4   3   3   1  -1   0   2   1   0   0   1   1   3   5   2
DST1811*24  X220   0   8   7   3   2   1   1   0  -1  -1  -3   1   4   8   8   3   2   0   4   8   7   2   5   7   9   4
DST1811*25  X220   0  12  12   8   2  -3  -3  -3  -4  -3  -6  -9  -9  -9  -8  -5  -1   1   3   1   0  -2  -4  -6  -5  -2
DST1811*26  X220   0  -4  -4  -4  -1  -2   0   0  -1  -2  -5  -6  -5  -3  -2  -2  -1   0   0  -3  -3  -2  -1  -1  -1  -2
DST1811*27  X220   0   1   1   2   6  11  11   7   6   8   7   5   7   8   5   5   3   3   5   3  -1   1   0  -4  -2   4
DST1811*28  X220   0   0  -2  -5  -3  -2  -1  -3  -3  -3  -5  -6  -4  -3  -4  -2   0   1   1  -1  -2  -2  -3  -3  -6  -3
DST1811*29  X220   0  -5  -3  -4  -3  -1  -1  -1  -1   0  -1  -4  -6  -7  -8  -7  -6  -3  -3  -3  -4  -3  -1  -1  -4  -3
DST1811*30  X220   0  -1  -2  -4  -3  -2  -2  -2  -1   0   2   1   1   0  -2  -5  -3  -1  -1  -1  -2  -1   2   2   3  -1

