DST1707*01  X220   0  14  12   9   6   3 -12 -13  -8   0   8   7   2   3   4  -1  -5  -5   6  10   8  11   9   2  -2   3
DST1707*02  X220   0   6   0   4   5   4 -10 -18 -22 -23 -16  -3   1 -10 -17 -18 -13 -10  -9  -9  -1   2   0  -4  -1  -7
DST1707*03  X220   0   4  10   9  12   5  -5  -7  -6  -2  -2   0  -4  -1   1   0   0  -1   0   0   0  -4  -5  -3  -4   0
DST1707*04  X220   0  -2   0   1  -4  -8  -8  -7  -5   0   4   6   5   5   5   3   2   1  -1  -3  -4  -6  -7  -6  -2  -1
DST1707*05  X220   0  -2  -3  -5  -6  -5  -4  -4  -4  -3  -1   0   0  -1   0   1   2   2   1   1  -1  -4  -4  -3   0  -2
DST1707*06  X220   0   6  10  12  11  10   9   6   5  10  13  12  12  12  10   8   6   4   1  -3 -10 -11  -9  -9 -13   4
DST1707*07  X220   0 -11  -5  -5  -4  -1  -4  -2   2   5   7   5   6   7   6   1   0   0   0  -1   0  -2  -3  -2   0   0
DST1707*08  X220   0   1   1   2   1  -1  -2   0   3   7   9   7   6   7   7   6   5   6   4   0  -3  -2   1   2  -1   3
DST1707*09  X220   0   6   7  -3   8  10  14  -1   2   9   1 -26 -17  -7  -9  -7  -7  -9 -18 -17 -25 -24 -20 -17 -24  -7
DST1707*10  X220   0 -27 -24 -22 -33 -27 -24 -25 -23 -19 -14 -10  -9 -10  -7  -6  -4  -3  -2  -6  -9  -9  -7  -4  -2 -14
DST1707*11  X220   0   1   2  -1   0  -6 -17 -18 -19 -16 -10  -6  -1   0   0  -4  -4  -6  -8  -9 -13 -10  -5  -4  -8  -7
DST1707*12  X220   0  -7  -2  -2  -2  -6 -11 -16 -14 -10  -8  -7  -6  -4  -4  -7  -5  -5  -5  -6  -8  -7  -4  -2  -2  -6
DST1707*13  X220   0  -3  -5  -4  -5  -6  -6  -5  -4  -2   2   3   0   1   2  -1  -2  -2  -2  -3  -5  -4  -3  -3  -4  -3
DST1707*14  X220   0  -5  -3   1   4   2  -3  -3   1   6   7   9   8  10   7   4   4   3   6  11  14  16  12  11   8   5
DST1707*15  X220   0   3   3   6   4   3   0   1   2   5   5  10   8  10  11  11  12  10   7   8  10  10   7   6   6   7
DST1707*16  X220   0   5  10  14  14  12   8  45  19 -13  -7 -23 -37 -65 -71 -64 -68 -56 -48 -38 -38 -37 -46 -36 -30 -23
DST1707*17  X220   0 -39 -42 -44 -43 -38 -48 -64 -69 -55 -57 -61 -51 -39 -38 -39 -37 -47 -42 -39 -38 -37 -30 -28 -29 -44
DST1707*18  X220   0 -29 -27 -26 -31 -33 -39 -37 -35 -36 -32 -32 -31 -29 -28 -29 -29 -29 -32 -35 -35 -31 -29 -30 -30 -31
DST1707*19  X220   0 -27 -25 -23 -24 -25 -28 -29 -27 -23 -22 -20 -18 -16 -15 -14 -13 -13 -14 -13 -15 -15 -15 -13 -11 -19
DST1707*20  X220   0  -7  -3   1   0  -3  -4  -6  -3   0   2   1   8  10  10   9   8   8   4   5   2  -2 -10  -6  -7   1
DST1707*21  X220   0  -6 -15 -26 -26 -20 -15 -23 -36 -30 -23 -16 -11 -11 -13 -17 -21 -20 -17 -14  -9  -7  -8  -6  -5 -16
DST1707*22  X220   0  -6  -2   4  -6 -17 -20 -22 -22 -29 -30 -26 -19  -9  -7  -8  -9 -14 -15 -12 -10 -13 -15 -16 -16 -14
DST1707*23  X220   0 -20 -17 -10  -6 -14 -24 -32 -36 -29 -28 -22 -27 -28 -22 -12 -14 -16 -18 -20 -20 -15 -17 -24 -19 -20
DST1707*24  X220   0 -12  -5  -1   0  -4 -12 -17 -22 -14 -12 -10  -9 -11  -8  -8  -7  -7  -9  -8 -10 -11 -16 -18 -23 -11
DST1707*25  X220   0 -23 -18 -13  -8  -6  -8 -12 -20 -18 -12  -4  -1   1   1   2  -3  -7 -10 -16 -18 -17 -12 -14 -21 -11
DST1707*26  X220   0 -16 -12 -10  -4  -5 -10 -14 -23 -20 -13 -10  -9  -7  -9  -8  -7  -7 -11 -15 -16 -19 -21 -22 -23 -13
DST1707*27  X220   0 -28 -27 -23 -20 -18 -20 -19 -19 -18 -16 -13  -8  -8  -8 -10 -11 -10  -6  -4  -5  -3  -1  -4  -3 -13
DST1707*28  X220   0  -2  -3  -4  -7  -8 -14 -15 -14 -10  -7  -9 -10  -7  -4  -5  -4  -8  -9 -10 -14 -11 -13 -10  -8  -9
DST1707*29  X220   0  -8  -9  -6  -7  -8 -10 -13 -13 -13 -16 -17 -14 -10  -7  -6  -7  -9 -14 -16 -17 -14 -11  -8  -8 -11
DST1707*30  X220   0  -3  -2   4   4  -1  -4  -7  -8 -12 -12 -10  -7  -4  -2  -2  -1  -1  -1  -2  -5  -2   2   2   0  -3
DST1707*31  X220   0  -3  -2  -5  -3   1   6   5   2  -2  -3  -2  -1  -2  -1  -1   1   1  -3  -3  -1   4   9  11  10   1

