DST1709*01  X220   0 -33 -37 -34 -30 -29 -20 -14 -15 -11 -26 -44 -45 -29 -28 -31 -32 -26 -24 -21 -21 -22 -27 -27 -27 -27
DST1709*02  X220   0 -21 -17 -26 -32 -44 -35 -25 -33 -39 -48 -41 -34 -28 -28 -30 -27 -23 -19 -19 -24 -23 -24 -24 -23 -29
DST1709*03  X220   0 -23 -26 -26 -25 -24 -24 -17 -13 -13 -16 -22 -25 -24 -21 -21 -18 -19 -19 -16 -15 -16 -15 -12 -12 -19
DST1709*04  X220   0 -20 -23 -24 -32 -28 -24 -18 -10 -10 -11 -12 -11 -16 -20 -20 -16  -9  -4 -10 -11  -6 -10 -12 -14 -15
DST1709*05  X220   0 -12 -13 -22 -27 -27 -24 -19 -18 -11  -9  -8  -8 -13 -19 -20 -19 -17 -17 -20 -17 -16 -16 -18 -14 -17
DST1709*06  X220   0 -12 -10 -10 -10  -3  -6  -4  -4  -4  -4  -6  -8  -3 -10 -20 -21 -16 -16 -16 -13 -13 -16 -18 -10 -11
DST1709*07  X220   0  19  29  24  15  -2 -14  -6 -17 -23 -26 -27 -28 -17 -17 -21 -25 -19 -16 -12  -7  -8 -18 -44 -86 -14
DST1709*08  X220   0-128-148-132-116-130-119-114-112 -89 -73 -66 -65 -90-114-116-123-108-117-101-103-106 -98-108-100-107
DST1709*09  X220   0 -96 -94 -91 -87 -84 -83 -79 -72 -70 -68 -70 -68 -65 -67 -67 -66 -64 -60 -59 -58 -59 -60 -62 -64 -71
DST1709*10  X220   0 -63 -63 -63 -61 -56 -52 -48 -43 -41 -43 -45 -45 -45 -47 -48 -48 -50 -46 -43 -38 -45 -49 -58 -51 -50
DST1709*11  X220   0 -48 -47 -48 -44 -43 -45 -44 -41 -35 -31 -35 -30 -28 -27 -28 -31 -30 -30 -29 -29 -32 -36 -37 -41 -36
DST1709*12  X220   0 -35 -33 -33 -28 -25 -22 -19  -9 -12 -20 -29 -41 -45 -42 -37 -35 -31 -31 -27 -24 -11  -9 -15 -27 -27
DST1709*13  X220   0 -49 -41 -38 -39 -49 -56 -46 -45 -42 -34 -32 -28 -25 -26 -28 -32 -31 -28 -27 -28 -31 -35 -36 -34 -36
DST1709*14  X220   0 -33 -25 -22 -24 -27 -28 -25 -22 -19 -15 -18 -10   1  -4 -12 -37 -42 -47 -50 -49 -52 -47 -44 -41 -29
DST1709*15  X220   0 -51 -47 -46 -50 -55 -47 -41 -41 -30 -38 -30 -36 -26 -36 -42 -46 -40 -32 -26 -32 -32 -36 -36 -41 -39
DST1709*16  X220   0 -40 -45 -52 -54 -62 -71 -56 -44 -37 -40 -38 -36 -29 -35 -39 -44 -45 -42 -36 -34 -35 -33 -36 -37 -43
DST1709*17  X220   0 -36 -34 -36 -43 -44 -39 -36 -21 -17 -17 -17 -19 -19 -34 -39 -40 -47 -47 -41 -35 -34 -36 -35 -30 -33
DST1709*18  X220   0 -26 -26 -34 -38 -39 -37 -39 -48 -53 -34 -35 -42 -44 -37 -37 -36 -32 -34 -34 -28 -29 -34 -33 -32 -36
DST1709*19  X220   0 -26 -22 -20 -20 -23 -26 -24 -21 -16 -16 -22 -29 -29 -26 -26 -26 -27 -29 -25 -27 -29 -37 -43 -41 -26
DST1709*20  X220   0 -37 -37 -40 -42 -39 -36 -33 -28 -25 -25 -25 -33 -32 -29 -25 -23 -23 -22 -20 -18 -17 -17 -18 -17 -28
DST1709*21  X220   0 -17 -17 -20 -23 -26 -27 -27 -24 -24 -26 -25 -24 -20 -18 -22 -23 -21 -16 -16 -20 -23 -31 -33 -35 -23
DST1709*22  X220   0 -31 -30 -28 -26 -23 -23 -22 -21 -15 -11 -15 -17 -19 -17 -16 -17 -18 -23 -28 -28 -28 -28 -28 -25 -22
DST1709*23  X220   0 -22 -20 -18 -16 -16 -23 -24 -19 -18 -13 -11 -10 -14 -13 -13 -13 -15 -16 -17 -21 -21 -22 -24 -21 -18
DST1709*24  X220   0 -18 -14 -12 -12 -14 -14  -9  -3  -1  -2  -3  -4  -9 -11 -15 -14  -5   1   2  -2  -5  -5  -7 -10  -8
DST1709*25  X220   0 -16 -17 -14 -17 -18 -18 -16 -12 -11 -11 -13 -14 -14 -15 -17 -18 -17 -14 -12  -9  -9  -8  -9  -8 -14
DST1709*26  X220   0  -4  -4  -6  -6  -7  -7  -4  -2   1  -1  -2  -2   0   1   0  -2  -2  -1   1   1   2   2   2   5  -1
DST1709*27  X220   0  11   4   1   6  15  21  19 -12 -37 -37 -31 -24 -31 -52 -53 -49 -39 -33 -27 -31 -38 -52 -59 -52 -24
DST1709*28  X220   0 -44 -59 -71 -72 -75 -81 -94 -85 -98 -94 -77 -61 -57 -53 -59 -55 -48 -47 -45 -40 -41 -52 -56 -55 -63
DST1709*29  X220   0 -50 -48 -48 -46 -42 -45 -38 -28 -27 -33 -33 -34 -29 -36 -38 -40 -38 -38 -38 -34 -36 -41 -44 -42 -39
DST1709*30  X220   0 -38 -34 -32 -31 -32 -39 -42 -32 -38 -35 -35 -31 -31 -33 -40 -37 -39 -43 -44 -40 -38 -38 -43 -40 -37

