DST1711*01  X220   0   2   0  -2  -3  -1   3   4   5   5   7   7   5   0   2   4   7   8   8   8   6   4   1   2   5   4
DST1711*02  X220   0   0  -4 -10  -6  -3  -2   1   1  -4  -5  -1   0   0   1   6   7   8   7   5   3   1  -5  -5 -11  -1
DST1711*03  X220   0 -16 -15 -16 -19 -18 -18 -16 -23 -19 -17 -20 -24 -24 -22 -17 -14 -13 -14 -13 -11 -10 -10  -9  -7 -16
DST1711*04  X220   0  -4  -1  -1  -5  -7  -7  -7 -10 -14 -14 -12 -11 -10  -7  -5  -6  -9 -11 -11 -12 -12 -12 -11  -9  -9
DST1711*05  X220   0  -7 -10 -11 -11 -11  -9  -8  -6  -6  -2  -1   0  -1  -2  -3  -3  -6  -5  -4  -3  -4  -6  -8  -9  -6
DST1711*06  X220   0  -9  -8  -8  -6  -5  -5  -4  -4  -5  -3  -2  -1   0   1   1   1   2   2   1   1   3   5   5   4  -1
DST1711*07  X220   0   6   9  14  23  26  21   4   4 -12 -40 -52 -63 -56 -48 -30 -35 -41 -40 -40 -38 -48 -61 -59 -56 -26
DST1711*08  X220   0 -55 -69 -72 -72 -82 -73 -61 -57 -53 -59 -59 -64 -68 -67 -68 -66 -62 -60 -54 -48 -49 -45 -45 -38 -60
DST1711*09  X220   0 -38 -47 -51 -50 -47 -49 -51 -53 -58 -60 -52 -50 -49 -50 -47 -39 -36 -32 -39 -42 -37 -31 -33 -29 -45
DST1711*10  X220   0 -25 -22 -29 -33 -29 -30 -45 -55 -50 -40 -40 -38 -40 -34 -28 -28 -29 -27 -27 -27 -32 -29 -28 -31 -33
DST1711*11  X220   0 -30 -29 -28 -29 -30 -33 -35 -34 -33 -31 -25 -27 -26 -26 -27 -27 -24 -21 -19 -15 -12 -14 -16 -16 -25
DST1711*12  X220   0 -18 -19 -18 -18 -21 -20 -19 -19 -20 -22 -24 -24 -22 -20 -20 -20 -20 -18 -16 -15 -17 -18 -17 -17 -19
DST1711*13  X220   0 -16 -19 -22 -22 -19 -17 -14 -13 -15 -17 -12 -12 -13 -18 -21 -19 -16 -16 -16 -14 -12 -10 -11 -11 -16
DST1711*14  X220   0 -14 -16 -12 -14  -8  -8 -19 -27 -28 -31 -26 -17 -12 -12 -15 -18 -24 -28 -31 -29 -25 -22 -24 -25 -20
DST1711*15  X220   0 -26 -25 -24 -24 -26 -28 -35 -36 -40 -38 -21 -18 -23 -20 -17 -12 -10 -22 -15  -7   0 -10  -8  -4 -20
DST1711*16  X220   0  -4  -9 -19 -19 -19 -17 -24 -28 -38 -38 -28 -24 -21 -18 -17 -17 -16 -16 -19 -20 -19 -15 -16 -17 -20
DST1711*17  X220   0 -17 -18 -21 -21 -22 -21 -22 -24 -28 -27 -26 -14 -15 -12  -8  -9  -8  -7  -7  -7  -3  -3 -10 -18 -15
DST1711*18  X220   0 -19 -20 -20 -21 -21 -22 -20 -19 -20 -15 -14 -12 -11  -9 -10  -8  -8  -8 -11 -13 -13 -10  -8  -8 -14
DST1711*19  X220   0  -7  -6 -11 -14 -15 -11 -10  -9  -9  -7  -3  -3  -2   0   0  -1   0  -2  -2  -3  -3  -3  -1  -4  -5
DST1711*20  X220   0  -5  -3  -7  -5  -5  -4  -3  -3   0   3   2   1   1   1   4   4  11  16   9   1   4   8  11   3   2
DST1711*21  X220   0 -17 -20 -13 -20 -26 -40 -55 -49 -43 -44 -44 -36 -30 -28 -29 -29 -21 -18 -19 -27 -18 -17 -20 -21 -29
DST1711*22  X220   0 -22 -24 -22 -20 -28 -31 -32 -31 -27 -20 -18 -19 -13 -11 -19 -23 -24 -24 -24 -22 -25 -24 -20 -17 -23
DST1711*23  X220   0 -17 -17 -20 -20 -19 -19 -17 -16 -19 -21 -18 -19 -19 -16 -17 -17 -15 -12 -13 -18 -18 -16 -16 -16 -17
DST1711*24  X220   0 -16 -17 -19 -21 -22 -23 -24 -26 -25 -21 -20 -17 -13 -10  -7  -6  -2   0  -6  -9 -15 -14 -21 -26 -16
DST1711*25  X220   0 -24 -16 -19 -25 -31 -33 -32 -28 -24 -22 -21 -24 -26 -24 -21 -19 -16 -12 -10 -11 -11 -11 -14 -15 -20
DST1711*26  X220   0 -14 -12 -11 -11 -10 -10  -8  -7  -4  -3  -5  -5  -5  -6 -10 -13 -10  -9 -10  -9  -8  -4  -4  -3  -8
DST1711*27  X220   0  -2   0   4   6   5   6   6   8   9   7   0  -2   4   8  12  10   9   4  -1  -2   2   8  10   6   5
DST1711*28  X220   0  -1 -17 -23 -22 -16 -12 -14 -16 -16 -17 -17 -22 -21 -14 -12 -11  -8   0  -1  -1   3   4   3   4 -10
DST1711*29  X220   0   5   2  -1  -2  -3  -4  -7 -12  -7  -4  -2  -1   0  -1   1   1   4   4   4   6   5   1   0   4   0
DST1711*30  X220   0   7  11   6  -5  -8  -5   0   0   1  -2  -4  -6 -10  -8  -5  -6 -11 -13 -13 -14 -17 -14 -14 -11  -6

