DST2010*01  X220   0 -28 -23 -22 -24 -25 -24 -25 -25 -26 -22 -25 -29 -30 -25 -17 -19 -23 -26 -25 -24 -23 -25 -29 -34 -25
DST2010*02  X220   0 -34 -34 -30 -28 -25 -24 -24 -22 -22 -23 -25 -26 -24 -24 -21 -24 -28 -31 -31 -28 -22 -24 -28 -30 -26
DST2010*03  X220   0 -25 -22 -22 -21 -22 -23 -23 -22 -21 -24 -24 -27 -24 -21 -19 -18 -17 -18 -20 -21 -23 -24 -24 -25 -22
DST2010*04  X220   0 -24 -21 -22 -23 -22 -19 -16 -15 -15 -16 -16 -16 -16 -14 -12 -11 -12 -14 -15 -17 -19 -20 -21 -22 -17
DST2010*05  X220   0 -20 -19 -16 -16 -14 -15 -17 -17 -11  -9  -9  -8  -8  -7 -11  -9  -9 -11 -20 -29 -36 -41 -39 -36 -18
DST2010*06  X220   0 -32 -31 -33 -32 -29 -27 -25 -25 -24 -22 -21 -16 -12  -6  -4  -7  -5  -3  -1   0   0   3   1   0 -15
DST2010*07  X220   0   0  -2   0   1   0   1   0   0   3   9   8   8  13  14   4   0  -1  -4  -5  -6  -9 -12 -15 -15   0
DST2010*08  X220   0 -13 -13 -11 -11 -12 -11 -13 -11 -11 -10  -7 -11 -10 -11 -10  -8  -7  -8  -7  -6  -9  -8  -9 -10 -10
DST2010*09  X220   0 -12 -13 -13 -10  -7  -5  -6  -7  -8  -7  -6  -5  -5  -4  -5  -5  -4  -2  -2  -2  -2  -1  -1  -2  -6
DST2010*10  X220   0  -2  -2  -3  -4  -4  -4  -3  -2  -3  -7  -7  -4   0   3   4   4   1  -1   0  -1  -3  -3  -2   0  -2
DST2010*11  X220   0   3   4   4   5   3   2   1   1   6   6   7   5   5   7   8   6   3   2   3   3   0  -2  -1  -2   3
DST2010*12  X220   0  -5  -6  -7  -6  -4  -3  -2  -1  -2  -1   1   3   7   3   8   8   6   2   0   0  -2  -4  -4  -2   0
DST2010*13  X220   0   1   6   3   5   3   2   3   5   5   3   5   6   8   8   7   8   7   5   3   0   0  -1   1   1   4
DST2010*14  X220   0   5   6   6   3   2   0   0   0   0  -1  -2  -1  -2  -2  -2  -3  -4  -5  -6  -7  -7  -4  -2  -2  -1
DST2010*15  X220   0  -2  -1  -1   0  -1  -3  -3  -2  -2  -4  -5  -4  -5  -4  -3  -2  -2   0   3   5   6   8   6   3  -1
DST2010*16  X220   0   5   4   0  -2   2   4   2  -2  -3  -1   0   1   2   1   0   0  -1  -3  -2  -3  -7  -7  -7  -6  -1
DST2010*17  X220   0  -4  -2   0  -1  -5 -13 -18 -20 -19 -16  -9 -11  -8 -10 -10  -8  -5  -3  -1   3   1   2   1  -2  -7
DST2010*18  X220   0  -2   1   1   1   1  -3  -4  -4  -4  -6  -4  -3  -2  -2  -3  -3  -2  -1   0  -3  -7  -6  -3   0  -2
DST2010*19  X220   0   1   3   2   2   3   3   1  -4  -7 -13 -14 -15 -14 -13  -6   5   5   7   1  -7 -10 -12 -11  -8  -4
DST2010*20  X220   0  -7  -8 -10 -11 -10 -10  -9 -10 -14 -17 -16 -13 -12  -9  -8  -9  -8  -9  -9  -8  -7  -6  -5  -4 -10
DST2010*21  X220   0  -5  -6  -1  -1   0   3   1 -13 -20 -17 -13 -12 -13 -13 -12 -14 -17 -18 -17 -16 -16 -15 -15 -13 -11
DST2010*22  X220   0 -10 -10 -11  -9  -7  -5  -5  -4  -3  -2   0   1   2   0  -6  -9 -10 -10 -12 -13 -13 -16 -15 -17  -8
DST2010*23  X220   0 -15 -11 -10  -9  -7  -6  -7  -9 -10  -7  -2   1   5  10  18  18  19  26   9   7  -6 -16 -24 -28  -2
DST2010*24  X220   0 -23 -29 -36 -33 -37 -41 -36 -34 -39 -35 -33 -24 -23 -22 -26 -27 -27 -29 -30 -28 -27 -21 -19 -20 -29
DST2010*25  X220   0 -17 -15 -12 -10  -9 -10 -10 -15 -27 -30 -23 -21 -23 -21 -25 -30 -32 -32 -34 -36 -30 -27 -23 -18 -22
DST2010*26  X220   0 -16 -14 -17 -16 -25 -35 -34 -29 -26 -30 -27 -23 -24 -26 -23 -24 -25 -27 -28 -31 -28 -25 -29 -31 -26
DST2010*27  X220   0 -27 -21 -19 -20 -21 -23 -23 -25 -22 -23 -25 -22 -19 -18 -18 -20 -22 -22 -23 -27 -21 -19 -20 -17 -22
DST2010*28  X220   0 -17 -15 -12 -15 -20 -22 -22 -20 -18 -16 -19 -22 -24 -24 -24 -32 -33 -24 -26 -23 -36 -31 -27 -24 -23
DST2010*29  X220   0 -24 -22 -17 -14 -13 -17 -19 -19 -22 -27 -28 -22 -21 -18 -22 -30 -32 -30 -30 -27 -22 -23 -24 -25 -23
DST2010*30  X220   0 -22 -18 -16 -15 -16 -18 -22 -25 -24 -21 -17 -15 -15 -18 -20 -18 -14 -21 -20 -17 -15 -14 -18 -16 -18
DST2010*31  X220   0 -10  -8  -8  -5  -8 -14 -22 -29 -35 -37 -33 -28 -23 -27 -28 -28 -24 -19 -16 -15 -17 -16 -17 -21 -20

